keys:  id  x y nx ny nvx nvy nvz area
   0  -13.271770  -35.722895  0.887417  -0.460968  0.000000  0.000000  1.000000  4.000000
   1  -32.157172  14.613564  0.909175  0.416414  0.000000  0.000000  1.000000  4.000000
   2  15.256478  -6.904653  -0.807890  0.589333  0.000000  0.000000  1.000000  4.000000
   3  -32.923674  16.283279  -0.460162  -0.887835  0.000000  0.000000  1.000000  4.000000
   4  -31.287421  -9.670604  -0.603278  -0.797531  0.000000  0.000000  1.000000  4.000000
   5  2.467951  -15.161063  -0.343720  -0.939072  0.000000  0.000000  1.000000  4.000000
   6  27.291289  -28.978059  -0.990863  0.134870  0.000000  0.000000  1.000000  4.000000
   7  6.884424  20.299704  0.840413  -0.541947  0.000000  0.000000  1.000000  4.000000
   8  11.160884  -28.921320  -0.994967  0.100200  0.000000  0.000000  1.000000  4.000000
   9  -18.332361  5.734164  0.781780  0.623554  0.000000  0.000000  1.000000  4.000000
  10  -10.335372  -21.571404  0.999440  -0.033465  0.000000  0.000000  1.000000  4.000000
  11  -14.601862  -27.488979  0.838513  0.544882  0.000000  0.000000  1.000000  4.000000
  12  -23.433412  24.936319  0.625859  -0.779937  0.000000  0.000000  1.000000  4.000000
  13  35.930717  14.921131  0.873546  -0.486742  0.000000  0.000000  1.000000  4.000000
  14  30.706102  9.265222  -0.448921  -0.893571  0.000000  0.000000  1.000000  4.000000
  15  -10.118007  -1.220000  -0.974831  -0.222946  0.000000  0.000000  1.000000  4.000000
  16  -7.074097  -8.293516  -0.538818  0.842422  0.000000  0.000000  1.000000  4.000000
  17  4.621670  7.994632  0.228858  -0.973460  0.000000  0.000000  1.000000  4.000000
  18  -26.477453  -26.378277  0.947785  0.318911  0.000000  0.000000  1.000000  4.000000
  19  -19.618924  9.256790  0.213974  -0.976839  0.000000  0.000000  1.000000  4.000000
  20  -13.464105  29.968646  -0.694544  -0.719450  0.000000  0.000000  1.000000  4.000000
  21  10.420579  7.345446  -0.854131  0.520057  0.000000  0.000000  1.000000  4.000000
  22  32.645243  15.263103  -0.992707  0.120551  0.000000  0.000000  1.000000  4.000000
  23  -9.991644  38.503474  0.991832  -0.127550  0.000000  0.000000  1.000000  4.000000
  24  17.196876  -4.334697  0.963245  0.268626  0.000000  0.000000  1.000000  4.000000
  25  19.073579  -30.946178  0.144622  0.989487  0.000000  0.000000  1.000000  4.000000
  26  27.058703  -20.565753  -0.077796  0.996969  0.000000  0.000000  1.000000  4.000000
  27  11.523349  20.994097  -0.858488  -0.512834  0.000000  0.000000  1.000000  4.000000
  28  21.291738  10.951464  -0.709980  -0.704222  0.000000  0.000000  1.000000  4.000000
  29  -28.093436  19.256037  0.173304  0.984868  0.000000  0.000000  1.000000  4.000000
  30  -5.423486  -18.083942  0.836578  -0.547847  0.000000  0.000000  1.000000  4.000000
  31  13.142754  -29.503653  0.998226  0.059541  0.000000  0.000000  1.000000  4.000000
  32  -10.700570  8.981080  -0.124090  0.992271  0.000000  0.000000  1.000000  4.000000
  33  8.221371  -31.560803  0.979147  0.203152  0.000000  0.000000  1.000000  4.000000
  34  -14.043298  6.552457  -0.951658  -0.307160  0.000000  0.000000  1.000000  4.000000
  35  -2.085588  -12.387699  0.428464  -0.903559  0.000000  0.000000  1.000000  4.000000
  36  10.356399  30.342382  0.981500  -0.191463  0.000000  0.000000  1.000000  4.000000
  37  31.212145  -9.220078  0.893233  -0.449594  0.000000  0.000000  1.000000  4.000000
  38  -10.233985  -37.872635  0.029430  -0.999567  0.000000  0.000000  1.000000  4.000000
  39  7.712429  12.214471  0.512321  -0.858794  0.000000  0.000000  1.000000  4.000000
  40  -22.313724  -1.783205  -0.078416  0.996921  0.000000  0.000000  1.000000  4.000000
  41  -23.630840  -14.018048  0.672278  -0.740299  0.000000  0.000000  1.000000  4.000000
  42  -17.621771  -18.155215  0.680777  -0.732491  0.000000  0.000000  1.000000  4.000000
  43  2.106735  -33.303752  0.964547  -0.263910  0.000000  0.000000  1.000000  4.000000
  44  -1.041981  -19.855653  -0.534706  0.845038  0.000000  0.000000  1.000000  4.000000
  45  -7.281913  12.743258  0.069778  0.997563  0.000000  0.000000  1.000000  4.000000
  46  12.219741  30.777644  -0.719335  0.694663  0.000000  0.000000  1.000000  4.000000
  47  -22.210578  -4.234370  -0.343697  0.939080  0.000000  0.000000  1.000000  4.000000
  48  -2.341666  10.331568  -0.289017  -0.957324  0.000000  0.000000  1.000000  4.000000
  49  -28.933465  -21.440853  0.625253  0.780422  0.000000  0.000000  1.000000  4.000000
  50  -30.953949  -5.514302  0.717430  -0.696630  0.000000  0.000000  1.000000  4.000000
  51  25.434752  -24.238189  -0.983242  0.182304  0.000000  0.000000  1.000000  4.000000
  52  10.553773  -18.802461  0.042670  -0.999089  0.000000  0.000000  1.000000  4.000000
  53  -29.106744  2.594013  0.437351  0.899291  0.000000  0.000000  1.000000  4.000000
  54  22.547576  -20.154033  0.999227  -0.039306  0.000000  0.000000  1.000000  4.000000
  55  -7.502125  34.908283  -0.140925  -0.990020  0.000000  0.000000  1.000000  4.000000
  56  34.324867  -4.742463  -0.655260  -0.755403  0.000000  0.000000  1.000000  4.000000
  57  -19.973471  2.822213  -0.388981  -0.921246  0.000000  0.000000  1.000000  4.000000
  58  28.800069  19.272652  -0.844105  0.536177  0.000000  0.000000  1.000000  4.000000
  59  -22.958267  -17.511421  -0.914593  0.404375  0.000000  0.000000  1.000000  4.000000
  60  -11.536107  1.470731  -0.154675  -0.987965  0.000000  0.000000  1.000000  4.000000
  61  2.302659  -1.945358  0.998619  -0.052545  0.000000  0.000000  1.000000  4.000000
  62  -20.347739  26.645453  -0.016902  -0.999857  0.000000  0.000000  1.000000  4.000000
  63  17.712316  20.653881  -0.898233  -0.439520  0.000000  0.000000  1.000000  4.000000
  64  7.620460  -34.276415  -0.282047  0.959400  0.000000  0.000000  1.000000  4.000000
  65  6.027828  -6.113971  -0.999317  0.036948  0.000000  0.000000  1.000000  4.000000
  66  -12.085785  14.562962  -0.982299  -0.187321  0.000000  0.000000  1.000000  4.000000
  67  -12.245126  -0.827607  -0.247926  -0.968779  0.000000  0.000000  1.000000  4.000000
  68  2.836877  13.805650  -0.851678  -0.524066  0.000000  0.000000  1.000000  4.000000
  69  4.085193  37.583651  0.112322  0.993672  0.000000  0.000000  1.000000  4.000000
  70  8.552108  37.636382  0.975379  -0.220535  0.000000  0.000000  1.000000  4.000000
  71  8.390789  9.368852  -0.030272  0.999542  0.000000  0.000000  1.000000  4.000000
  72  -27.552841  -23.968872  0.965504  -0.260387  0.000000  0.000000  1.000000  4.000000
  73  27.495562  -10.238413  -0.255126  0.966908  0.000000  0.000000  1.000000  4.000000
  74  -24.877598  -15.434321  -0.686917  0.726736  0.000000  0.000000  1.000000  4.000000
  75  -6.514011  -4.077335  -0.994594  0.103839  0.000000  0.000000  1.000000  4.000000
  76  -16.984179  -34.439920  -0.258461  -0.966022  0.000000  0.000000  1.000000  4.000000
  77  -1.015462  -9.213648  0.009289  0.999957  0.000000  0.000000  1.000000  4.000000
  78  28.227824  -6.382876  0.619721  0.784822  0.000000  0.000000  1.000000  4.000000
  79  -23.051637  20.609386  0.808577  0.588391  0.000000  0.000000  1.000000  4.000000
  80  -12.689584  -5.683285  -0.013697  -0.999906  0.000000  0.000000  1.000000  4.000000
  81  -34.906068  -7.061677  0.714609  -0.699525  0.000000  0.000000  1.000000  4.000000
  82  6.752996  -22.440015  -0.537884  0.843019  0.000000  0.000000  1.000000  4.000000
  83  -22.895725  7.224074  0.889731  0.456485  0.000000  0.000000  1.000000  4.000000
  84  11.738686  3.833811  0.669194  -0.743087  0.000000  0.000000  1.000000  4.000000
  85  -3.306528  -34.357807  0.333710  0.942676  0.000000  0.000000  1.000000  4.000000
  86  -0.410943  -18.118478  0.763499  0.645809  0.000000  0.000000  1.000000  4.000000
  87  -24.363419  -11.968874  -0.571327  -0.820723  0.000000  0.000000  1.000000  4.000000
  88  36.713414  -2.965254  0.734469  0.678642  0.000000  0.000000  1.000000  4.000000
  89  -1.002107  37.412106  -0.243454  0.969913  0.000000  0.000000  1.000000  4.000000
  90  14.869963  -10.444580  -0.205093  -0.978742  0.000000  0.000000  1.000000  4.000000
  91  -20.995447  -25.492714  0.178589  -0.983924  0.000000  0.000000  1.000000  4.000000
  92  2.186754  20.813581  -0.871174  0.490975  0.000000  0.000000  1.000000  4.000000
  93  -21.780052  -30.690645  0.993367  0.114984  0.000000  0.000000  1.000000  4.000000
  94  -12.169830  17.568365  0.212273  -0.977210  0.000000  0.000000  1.000000  4.000000
  95  15.731625  27.206042  0.160279  -0.987072  0.000000  0.000000  1.000000  4.000000
  96  0.840451  -36.207077  0.924802  -0.380450  0.000000  0.000000  1.000000  4.000000
  97  -22.922387  -29.185102  0.313374  -0.949630  0.000000  0.000000  1.000000  4.000000
  98  2.052470  -6.039387  0.479386  0.877604  0.000000  0.000000  1.000000  4.000000
  99  -3.699697  3.481366  0.997775  -0.066670  0.000000  0.000000  1.000000  4.000000
 100  35.874295  -10.704305  -0.742634  0.669697  0.000000  0.000000  1.000000  4.000000
 101  25.470589  9.261705  0.601627  0.798777  0.000000  0.000000  1.000000  4.000000
 102  -22.417478  -8.443465  -0.899620  0.436673  0.000000  0.000000  1.000000  4.000000
 103  7.682528  26.038918  -0.169290  0.985566  0.000000  0.000000  1.000000  4.000000
 104  12.145051  -0.267139  -0.988861  -0.148840  0.000000  0.000000  1.000000  4.000000
 105  26.282983  1.570479  -0.829200  -0.558952  0.000000  0.000000  1.000000  4.000000
 106  35.194560  13.108564  -0.617278  -0.786745  0.000000  0.000000  1.000000  4.000000
 107  11.823772  -3.653711  -0.681094  0.732196  0.000000  0.000000  1.000000  4.000000
 108  -2.181445  32.495440  -0.999651  0.026422  0.000000  0.000000  1.000000  4.000000
 109  -1.530498  -26.024737  -0.223290  0.974752  0.000000  0.000000  1.000000  4.000000
 110  -28.744285  24.363513  -0.988296  0.152549  0.000000  0.000000  1.000000  4.000000
 111  -15.284884  -23.282400  -0.486078  0.873916  0.000000  0.000000  1.000000  4.000000
 112  -33.008104  21.057928  -0.882855  -0.469646  0.000000  0.000000  1.000000  4.000000
 113  35.262620  -17.027363  -0.089405  -0.995995  0.000000  0.000000  1.000000  4.000000
 114  -17.498792  21.185094  -0.479743  0.877409  0.000000  0.000000  1.000000  4.000000
 115  1.193507  23.100226  -0.997613  0.069048  0.000000  0.000000  1.000000  4.000000
 116  -28.675024  16.182085  0.953916  0.300073  0.000000  0.000000  1.000000  4.000000
 117  -30.304595  22.992917  -0.997660  -0.068375  0.000000  0.000000  1.000000  4.000000
 118  -29.365190  -7.194277  0.599392  -0.800456  0.000000  0.000000  1.000000  4.000000
 119  -34.346184  -17.331377  -0.301987  -0.953312  0.000000  0.000000  1.000000  4.000000
 120  34.106755  -7.464466  -0.737685  0.675146  0.000000  0.000000  1.000000  4.000000
 121  6.924500  22.515308  -0.761864  0.647737  0.000000  0.000000  1.000000  4.000000
 122  26.490815  -15.311717  -0.206239  -0.978502  0.000000  0.000000  1.000000  4.000000
 123  -7.473730  -26.455775  0.907654  -0.419719  0.000000  0.000000  1.000000  4.000000
 124  -11.618744  -15.108202  -0.995302  -0.096823  0.000000  0.000000  1.000000  4.000000
 125  17.377564  -11.664086  0.247491  0.968890  0.000000  0.000000  1.000000  4.000000
 126  17.555184  -17.977962  -0.790165  -0.612894  0.000000  0.000000  1.000000  4.000000
 127  -16.579052  -21.739425  -0.645539  -0.763727  0.000000  0.000000  1.000000  4.000000
 128  28.787977  -1.017408  -0.390773  -0.920487  0.000000  0.000000  1.000000  4.000000
 129  -10.989449  26.112865  0.732363  0.680914  0.000000  0.000000  1.000000  4.000000
 130  21.999161  -14.928939  0.483839  -0.875157  0.000000  0.000000  1.000000  4.000000
 131  -15.248215  5.391759  -0.965730  0.259548  0.000000  0.000000  1.000000  4.000000
 132  -5.277684  20.071514  0.807185  -0.590299  0.000000  0.000000  1.000000  4.000000
 133  -14.670308  32.461989  -0.128330  -0.991732  0.000000  0.000000  1.000000  4.000000
 134  8.361262  -11.254753  -0.194318  -0.980939  0.000000  0.000000  1.000000  4.000000
 135  5.700635  -18.839748  -0.852974  -0.521954  0.000000  0.000000  1.000000  4.000000
 136  -1.035497  12.802250  -0.732340  0.680939  0.000000  0.000000  1.000000  4.000000
 137  -19.813727  6.347809  0.493533  -0.869727  0.000000  0.000000  1.000000  4.000000
 138  -17.232928  -3.818597  0.586896  0.809663  0.000000  0.000000  1.000000  4.000000
 139  0.094470  2.333309  0.221446  0.975173  0.000000  0.000000  1.000000  4.000000
 140  -8.996350  -18.272047  0.956205  0.292697  0.000000  0.000000  1.000000  4.000000
 141  21.668356  21.167310  -0.748138  0.663543  0.000000  0.000000  1.000000  4.000000
 142  -11.640029  31.676847  0.461063  0.887368  0.000000  0.000000  1.000000  4.000000
 143  -12.644335  -22.052027  -0.824114  0.566424  0.000000  0.000000  1.000000  4.000000
 144  34.328022  -9.119008  -0.876911  -0.480652  0.000000  0.000000  1.000000  4.000000
 145  -10.855817  22.819859  -0.669659  0.742669  0.000000  0.000000  1.000000  4.000000
 146  20.288471  -29.832360  -0.781279  -0.624182  0.000000  0.000000  1.000000  4.000000
 147  -8.077401  -4.189772  0.027193  0.999630  0.000000  0.000000  1.000000  4.000000
 148  26.431860  16.054913  -0.884772  -0.466024  0.000000  0.000000  1.000000  4.000000
 149  5.287103  0.752959  -0.113236  -0.993568  0.000000  0.000000  1.000000  4.000000
 150  37.280270  11.468527  -0.679301  -0.733859  0.000000  0.000000  1.000000  4.000000
 151  -36.213388  -3.699460  -0.755211  -0.655482  0.000000  0.000000  1.000000  4.000000
 152  10.369365  -7.461155  -0.730987  0.682392  0.000000  0.000000  1.000000  4.000000
 153  8.187028  4.559369  0.095797  -0.995401  0.000000  0.000000  1.000000  4.000000
 154  -21.137177  -10.565019  0.631362  0.775488  0.000000  0.000000  1.000000  4.000000
 155  -24.742315  7.703883  -0.993622  0.112762  0.000000  0.000000  1.000000  4.000000
 156  -14.039751  -7.606991  0.951679  0.307094  0.000000  0.000000  1.000000  4.000000
 157  -3.801155  6.003454  0.681198  -0.732099  0.000000  0.000000  1.000000  4.000000
 158  -19.709339  -33.996633  -0.962918  -0.269796  0.000000  0.000000  1.000000  4.000000
 159  -6.485726  -28.203069  -0.112205  0.993685  0.000000  0.000000  1.000000  4.000000
 160  -2.963993  -14.393627  0.755478  -0.655175  0.000000  0.000000  1.000000  4.000000
 161  1.351699  -30.059772  -0.561826  -0.827255  0.000000  0.000000  1.000000  4.000000
 162  4.047344  23.163246  0.982090  -0.188410  0.000000  0.000000  1.000000  4.000000
 163  0.247163  -11.439844  0.094490  0.995526  0.000000  0.000000  1.000000  4.000000
 164  0.797901  29.959956  -0.951784  -0.306768  0.000000  0.000000  1.000000  4.000000
 165  -2.281800  -22.183883  -0.049571  -0.998771  0.000000  0.000000  1.000000  4.000000
 166  8.055121  -7.498925  -0.119124  -0.992879  0.000000  0.000000  1.000000  4.000000
 167  4.812436  19.592424  0.807812  0.589440  0.000000  0.000000  1.000000  4.000000
 168  13.420047  -36.012505  -0.850821  -0.525455  0.000000  0.000000  1.000000  4.000000
 169  -36.211041  -16.214019  -0.703355  0.710839  0.000000  0.000000  1.000000  4.000000
 170  29.807875  3.671768  0.142981  -0.989725  0.000000  0.000000  1.000000  4.000000
 171  -39.698212  2.016032  0.486731  -0.873552  0.000000  0.000000  1.000000  4.000000
 172  -32.294852  6.030187  0.208678  -0.977984  0.000000  0.000000  1.000000  4.000000
 173  5.911901  5.453549  -0.120598  0.992701  0.000000  0.000000  1.000000  4.000000
 174  -14.675422  3.724637  -0.849286  -0.527933  0.000000  0.000000  1.000000  4.000000
 175  -31.603279  0.445546  -0.393004  -0.919537  0.000000  0.000000  1.000000  4.000000
 176  -13.564206  -37.409726  -0.260107  0.965580  0.000000  0.000000  1.000000  4.000000
 177  9.222901  -36.209271  0.063848  -0.997960  0.000000  0.000000  1.000000  4.000000
 178  30.229120  -23.225181  0.203921  0.978987  0.000000  0.000000  1.000000  4.000000
 179  -22.869610  15.783683  -0.998450  -0.055654  0.000000  0.000000  1.000000  4.000000
 180  20.510327  -23.483328  -0.990766  -0.135583  0.000000  0.000000  1.000000  4.000000
 181  -7.381793  5.616185  0.038981  0.999240  0.000000  0.000000  1.000000  4.000000
 182  -30.344607  -1.081770  0.795083  0.606501  0.000000  0.000000  1.000000  4.000000
 183  -0.480485  25.482134  -0.261477  0.965210  0.000000  0.000000  1.000000  4.000000
 184  12.335942  17.121351  -0.959611  -0.281332  0.000000  0.000000  1.000000  4.000000
 185  -8.585188  10.948109  -0.934421  -0.356171  0.000000  0.000000  1.000000  4.000000
 186  26.248303  -21.865485  -0.402523  -0.915410  0.000000  0.000000  1.000000  4.000000
 187  8.235647  -21.781826  -0.998743  -0.050129  0.000000  0.000000  1.000000  4.000000
 188  14.983216  -29.431783  0.606908  -0.794772  0.000000  0.000000  1.000000  4.000000
 189  -9.126844  7.563326  -0.898928  -0.438097  0.000000  0.000000  1.000000  4.000000
 190  26.721003  27.579380  0.543546  -0.839379  0.000000  0.000000  1.000000  4.000000
 191  -37.496798  0.051378  -0.429899  -0.902877  0.000000  0.000000  1.000000  4.000000
 192  14.248656  17.102347  -0.911620  0.411034  0.000000  0.000000  1.000000  4.000000
 193  -13.380814  -33.198398  0.933261  -0.359198  0.000000  0.000000  1.000000  4.000000
 194  33.180308  18.235628  0.990838  -0.135058  0.000000  0.000000  1.000000  4.000000
 195  -14.722705  -5.112538  -0.582881  -0.812558  0.000000  0.000000  1.000000  4.000000
 196  32.936534  19.982549  -0.727160  0.686468  0.000000  0.000000  1.000000  4.000000
 197  -11.547886  3.046880  -0.963850  0.266446  0.000000  0.000000  1.000000  4.000000
 198  15.209417  22.991583  -0.565191  -0.824960  0.000000  0.000000  1.000000  4.000000
 199  -27.482751  -7.360603  0.926555  0.376159  0.000000  0.000000  1.000000  4.000000
 200  -2.468476  -39.012935  0.152212  -0.988348  0.000000  0.000000  1.000000  4.000000
 201  -32.737893  11.134027  -0.279719  0.960082  0.000000  0.000000  1.000000  4.000000
 202  -24.175877  0.752864  0.996858  -0.079214  0.000000  0.000000  1.000000  4.000000
 203  -18.454568  4.031095  0.085079  0.996374  0.000000  0.000000  1.000000  4.000000
 204  6.069773  37.577850  -0.146422  0.989222  0.000000  0.000000  1.000000  4.000000
 205  35.847353  1.827382  0.825288  -0.564712  0.000000  0.000000  1.000000  4.000000
 206  7.499379  24.503965  0.763772  0.645486  0.000000  0.000000  1.000000  4.000000
 207  -11.880378  -17.076949  -0.398485  0.917175  0.000000  0.000000  1.000000  4.000000
 208  6.903628  36.173388  0.766841  0.641837  0.000000  0.000000  1.000000  4.000000
 209  -18.976375  23.351550  -0.430341  -0.902666  0.000000  0.000000  1.000000  4.000000
 210  8.050480  -1.608623  -0.843198  -0.537604  0.000000  0.000000  1.000000  4.000000
 211  -8.180103  9.156884  0.568424  -0.822736  0.000000  0.000000  1.000000  4.000000
 212  32.068377  -5.696578  -0.861330  -0.508046  0.000000  0.000000  1.000000  4.000000
 213  17.424274  28.367346  0.310711  0.950504  0.000000  0.000000  1.000000  4.000000
 214  -28.565809  -1.011997  -0.900346  0.435174  0.000000  0.000000  1.000000  4.000000
 215  -28.890252  -27.387432  -0.001770  -0.999998  0.000000  0.000000  1.000000  4.000000
 216  -15.735837  -8.391220  0.756344  -0.654174  0.000000  0.000000  1.000000  4.000000
 217  22.314304  32.701142  -0.102345  0.994749  0.000000  0.000000  1.000000  4.000000
 218  13.160812  24.356906  -0.217220  0.976123  0.000000  0.000000  1.000000  4.000000
 219  -29.332135  -23.091397  -0.327437  -0.944873  0.000000  0.000000  1.000000  4.000000
 220  10.143494  -32.911047  0.714820  -0.699308  0.000000  0.000000  1.000000  4.000000
 221  -2.011561  -15.759345  -0.026508  -0.999649  0.000000  0.000000  1.000000  4.000000
 222  24.955573  11.267030  -0.871373  0.490620  0.000000  0.000000  1.000000  4.000000
 223  -19.315042  -21.526220  0.906129  -0.423002  0.000000  0.000000  1.000000  4.000000
 224  13.927274  4.157769  -0.783098  -0.621898  0.000000  0.000000  1.000000  4.000000
 225  -37.082150  6.071421  0.908039  0.418885  0.000000  0.000000  1.000000  4.000000
 226  -21.012057  -16.824497  -0.988535  -0.150994  0.000000  0.000000  1.000000  4.000000
 227  -22.167995  2.502798  -0.763928  -0.645301  0.000000  0.000000  1.000000  4.000000
 228  -15.114983  -35.061789  0.746546  0.665334  0.000000  0.000000  1.000000  4.000000
 229  13.889897  5.738826  0.467937  0.883762  0.000000  0.000000  1.000000  4.000000
 230  26.231484  -11.751798  -0.142576  -0.989784  0.000000  0.000000  1.000000  4.000000
 231  3.177017  9.995136  -0.960320  -0.278900  0.000000  0.000000  1.000000  4.000000
 232  18.845763  16.784593  0.999550  0.030002  0.000000  0.000000  1.000000  4.000000
 233  -34.139925  -4.845982  -0.999883  -0.015283  0.000000  0.000000  1.000000  4.000000
 234  -15.495696  13.891025  -0.877365  0.479823  0.000000  0.000000  1.000000  4.000000
 235  6.096055  -12.270068  0.859173  -0.511685  0.000000  0.000000  1.000000  4.000000
 236  31.342501  12.891648  0.423198  0.906037  0.000000  0.000000  1.000000  4.000000
 237  2.319469  -26.643620  0.483414  0.875392  0.000000  0.000000  1.000000  4.000000
 238  -19.134100  -28.359839  0.976922  0.213597  0.000000  0.000000  1.000000  4.000000
 239  -2.743119  20.095057  0.964938  -0.262477  0.000000  0.000000  1.000000  4.000000
 240  -10.904694  -12.848652  0.399333  -0.916806  0.000000  0.000000  1.000000  4.000000
 241  -24.091701  5.693639  -0.882221  0.470836  0.000000  0.000000  1.000000  4.000000
 242  21.799606  8.110370  -0.440474  0.897765  0.000000  0.000000  1.000000  4.000000
 243  -19.777474  11.908009  -0.879791  0.475362  0.000000  0.000000  1.000000  4.000000
 244  28.874255  -10.889973  0.940021  0.341117  0.000000  0.000000  1.000000  4.000000
 245  4.523008  15.937252  0.737149  0.675731  0.000000  0.000000  1.000000  4.000000
 246  -25.365890  -20.623192  0.730609  -0.682796  0.000000  0.000000  1.000000  4.000000
 247  -13.043809  16.098083  -0.938339  0.345717  0.000000  0.000000  1.000000  4.000000
 248  -30.215824  -20.015331  0.355668  0.934612  0.000000  0.000000  1.000000  4.000000
 249  23.763286  19.596448  -0.977638  0.210293  0.000000  0.000000  1.000000  4.000000
 250  -12.076579  6.966367  0.259213  -0.965820  0.000000  0.000000  1.000000  4.000000
 251  18.772923  -12.285463  -0.415641  0.909529  0.000000  0.000000  1.000000  4.000000
 252  9.804453  11.095851  -0.976691  -0.214648  0.000000  0.000000  1.000000  4.000000
 253  -29.282187  4.472908  -0.825602  0.564253  0.000000  0.000000  1.000000  4.000000
 254  30.102299  24.197834  0.301439  -0.953486  0.000000  0.000000  1.000000  4.000000
 255  9.621087  -26.888087  -0.179353  0.983785  0.000000  0.000000  1.000000  4.000000
 256  -31.704835  9.895491  -0.725236  0.688500  0.000000  0.000000  1.000000  4.000000
 257  -2.176476  23.709651  0.367826  -0.929895  0.000000  0.000000  1.000000  4.000000
 258  5.052545  12.346630  0.639519  -0.768775  0.000000  0.000000  1.000000  4.000000
 259  -7.714542  -33.537275  0.282653  0.959222  0.000000  0.000000  1.000000  4.000000
 260  -4.951530  28.259442  -0.078885  -0.996884  0.000000  0.000000  1.000000  4.000000
 261  24.493333  -30.518189  0.186968  0.982366  0.000000  0.000000  1.000000  4.000000
 262  31.563871  1.010261  0.466258  -0.884649  0.000000  0.000000  1.000000  4.000000
 263  10.676013  -37.968402  0.676466  -0.736474  0.000000  0.000000  1.000000  4.000000
 264  -34.378122  -9.414274  -0.967563  -0.252631  0.000000  0.000000  1.000000  4.000000
 265  27.208877  20.439115  0.997076  0.076421  0.000000  0.000000  1.000000  4.000000
 266  -8.444146  -22.616064  0.878795  0.477199  0.000000  0.000000  1.000000  4.000000
 267  5.152945  -21.459817  -0.760935  -0.648828  0.000000  0.000000  1.000000  4.000000
 268  -15.271423  21.696358  -0.574649  -0.818400  0.000000  0.000000  1.000000  4.000000
 269  -17.784041  -10.649574  0.504383  0.863480  0.000000  0.000000  1.000000  4.000000
 270  -7.160501  -13.283826  -0.261944  -0.965083  0.000000  0.000000  1.000000  4.000000
 271  -2.930816  13.336752  -0.401581  0.915823  0.000000  0.000000  1.000000  4.000000
 272  -1.825339  -5.844895  -0.740395  0.672172  0.000000  0.000000  1.000000  4.000000
 273  4.488978  21.344367  -0.986643  -0.162896  0.000000  0.000000  1.000000  4.000000
 274  7.144989  15.079082  -0.751381  0.659869  0.000000  0.000000  1.000000  4.000000
 275  14.388149  21.074079  0.335485  0.942046  0.000000  0.000000  1.000000  4.000000
 276  5.642082  -30.550486  -0.982496  -0.186286  0.000000  0.000000  1.000000  4.000000
 277  16.912270  -27.024833  0.629469  -0.777026  0.000000  0.000000  1.000000  4.000000
 278  -1.224373  -7.261030  -0.997600  0.069241  0.000000  0.000000  1.000000  4.000000
 279  -30.601772  -12.475287  -0.314903  -0.949124  0.000000  0.000000  1.000000  4.000000
 280  -13.182046  24.604005  -0.714980  0.699145  0.000000  0.000000  1.000000  4.000000
 281  30.286809  -16.941481  -0.726618  -0.687042  0.000000  0.000000  1.000000  4.000000
 282  -17.048353  7.249490  -0.609853  0.792514  0.000000  0.000000  1.000000  4.000000
 283  7.335162  6.099791  -0.569347  -0.822098  0.000000  0.000000  1.000000  4.000000
 284  -11.832190  10.206012  0.786718  -0.617313  0.000000  0.000000  1.000000  4.000000
 285  -18.138721  33.558486  -0.990475  0.137693  0.000000  0.000000  1.000000  4.000000
 286  -28.301885  -5.316470  -0.773936  -0.633264  0.000000  0.000000  1.000000  4.000000
 287  -11.587103  -11.471976  0.161208  0.986920  0.000000  0.000000  1.000000  4.000000
 288  -24.396151  -18.110468  0.823777  -0.566914  0.000000  0.000000  1.000000  4.000000
 289  -11.889328  -26.881920  -0.777028  -0.629466  0.000000  0.000000  1.000000  4.000000
 290  -26.915908  3.934391  -0.271257  0.962507  0.000000  0.000000  1.000000  4.000000
 291  27.187533  -23.459177  0.786557  0.617518  0.000000  0.000000  1.000000  4.000000
 292  23.452934  3.825496  -0.287632  0.957741  0.000000  0.000000  1.000000  4.000000
 293  -15.415103  1.946634  0.912862  0.408269  0.000000  0.000000  1.000000  4.000000
 294  2.321996  18.541831  -0.702542  -0.711643  0.000000  0.000000  1.000000  4.000000
 295  -4.521124  16.437264  -0.309740  0.950821  0.000000  0.000000  1.000000  4.000000
 296  23.820072  -6.220024  0.417918  -0.908485  0.000000  0.000000  1.000000  4.000000
 297  16.393658  14.295221  0.843880  0.536532  0.000000  0.000000  1.000000  4.000000
 298  20.092612  -25.297742  0.987828  0.155548  0.000000  0.000000  1.000000  4.000000
 299  -13.943272  -14.302475  0.610139  0.792294  0.000000  0.000000  1.000000  4.000000
 300  -10.357085  16.565302  0.518082  0.855331  0.000000  0.000000  1.000000  4.000000
 301  25.328356  7.262309  -0.412755  0.910842  0.000000  0.000000  1.000000  4.000000
 302  22.045370  -17.760599  -0.273885  -0.961762  0.000000  0.000000  1.000000  4.000000
 303  16.176468  -2.540321  0.386630  -0.922235  0.000000  0.000000  1.000000  4.000000
 304  -19.528791  -18.883154  -0.980334  0.197345  0.000000  0.000000  1.000000  4.000000
 305  26.650897  25.329029  -0.999431  -0.033721  0.000000  0.000000  1.000000  4.000000
 306  24.129159  -17.106606  0.440970  0.897522  0.000000  0.000000  1.000000  4.000000
 307  -33.372832  -8.248451  0.021128  0.999777  0.000000  0.000000  1.000000  4.000000
 308  25.081824  -14.174554  0.994949  0.100382  0.000000  0.000000  1.000000  4.000000
 309  -30.328679  -4.001936  0.976458  0.215709  0.000000  0.000000  1.000000  4.000000
 310  -2.196829  2.446920  0.990821  0.135183  0.000000  0.000000  1.000000  4.000000
 311  36.564983  -0.449400  -0.575630  0.817710  0.000000  0.000000  1.000000  4.000000
 312  -38.762483  4.195021  -0.739168  -0.673521  0.000000  0.000000  1.000000  4.000000
 313  -9.392452  -2.541475  -0.674764  0.738034  0.000000  0.000000  1.000000  4.000000
 314  23.402259  16.518048  0.999999  0.001100  0.000000  0.000000  1.000000  4.000000
 315  -11.658890  34.656600  -0.509888  -0.860241  0.000000  0.000000  1.000000  4.000000
 316  -30.936728  -24.991657  -0.333409  0.942782  0.000000  0.000000  1.000000  4.000000
 317  9.192463  -2.730763  -0.595437  -0.803402  0.000000  0.000000  1.000000  4.000000
 318  4.136229  -33.258886  -0.542285  -0.840195  0.000000  0.000000  1.000000  4.000000
 319  -23.673062  -23.328855  -0.982843  0.184444  0.000000  0.000000  1.000000  4.000000
 320  -5.311324  -36.640243  0.349918  -0.936780  0.000000  0.000000  1.000000  4.000000
 321  -31.342654  -18.851254  0.091575  -0.995798  0.000000  0.000000  1.000000  4.000000
 322  7.046688  -38.637820  -0.152049  0.988373  0.000000  0.000000  1.000000  4.000000
 323  21.875980  6.235922  0.803693  0.595044  0.000000  0.000000  1.000000  4.000000
 324  32.076466  -13.816341  -0.954557  -0.298027  0.000000  0.000000  1.000000  4.000000
 325  6.234165  -25.974630  -0.905098  -0.425203  0.000000  0.000000  1.000000  4.000000
 326  -9.437075  1.376289  -0.852470  -0.522776  0.000000  0.000000  1.000000  4.000000
 327  -7.714107  15.657969  -0.523356  0.852114  0.000000  0.000000  1.000000  4.000000
 328  -7.939288  17.678665  0.981665  -0.190615  0.000000  0.000000  1.000000  4.000000
 329  14.513780  -0.594285  0.256572  0.966525  0.000000  0.000000  1.000000  4.000000
 330  -20.091388  4.557096  0.294021  0.955799  0.000000  0.000000  1.000000  4.000000
 331  10.528522  33.835280  0.977278  -0.211964  0.000000  0.000000  1.000000  4.000000
 332  4.115288  -24.662089  0.994843  -0.101428  0.000000  0.000000  1.000000  4.000000
 333  28.573296  16.736776  -0.914190  -0.405287  0.000000  0.000000  1.000000  4.000000
 334  -21.047562  0.753471  -0.009083  -0.999959  0.000000  0.000000  1.000000  4.000000
 335  -26.707306  23.113851  -0.926003  0.377515  0.000000  0.000000  1.000000  4.000000
 336  -13.935008  23.008379  -0.985216  0.171317  0.000000  0.000000  1.000000  4.000000
 337  -3.246440  27.598546  -0.187770  0.982213  0.000000  0.000000  1.000000  4.000000
 338  -4.443800  11.157649  -0.644036  0.764995  0.000000  0.000000  1.000000  4.000000
 339  -36.673354  -12.321266  -0.697614  0.716474  0.000000  0.000000  1.000000  4.000000
 340  -14.048435  -1.373202  -0.960755  0.277399  0.000000  0.000000  1.000000  4.000000
 341  -21.821094  -6.461207  0.988466  0.151445  0.000000  0.000000  1.000000  4.000000
 342  -27.074362  -2.745148  0.908242  -0.418446  0.000000  0.000000  1.000000  4.000000
 343  8.808223  16.689600  -0.641461  0.767156  0.000000  0.000000  1.000000  4.000000
 344  -25.539108  21.736214  -0.698191  0.715911  0.000000  0.000000  1.000000  4.000000
 345  10.414597  -30.679565  -0.287771  0.957699  0.000000  0.000000  1.000000  4.000000
 346  -33.778586  -10.845339  -0.125345  -0.992113  0.000000  0.000000  1.000000  4.000000
 347  15.874864  -19.566765  0.713280  -0.700880  0.000000  0.000000  1.000000  4.000000
 348  -4.383172  -30.053907  -0.685495  -0.728077  0.000000  0.000000  1.000000  4.000000
 349  -9.949592  28.133705  -0.977920  0.208979  0.000000  0.000000  1.000000  4.000000
 350  30.001842  5.604965  0.948829  0.315791  0.000000  0.000000  1.000000  4.000000
 351  9.995611  23.474325  0.078196  -0.996938  0.000000  0.000000  1.000000  4.000000
 352  -16.434635  -0.167320  0.692879  0.721054  0.000000  0.000000  1.000000  4.000000
 353  20.092449  19.762217  0.307367  -0.951591  0.000000  0.000000  1.000000  4.000000
 354  -14.980471  29.277571  -0.338181  0.941081  0.000000  0.000000  1.000000  4.000000
 355  20.199667  -19.956980  -0.880452  -0.474135  0.000000  0.000000  1.000000  4.000000
 356  21.908738  23.642632  -0.128036  0.991770  0.000000  0.000000  1.000000  4.000000
 357  -15.002424  10.525596  -0.959257  0.282534  0.000000  0.000000  1.000000  4.000000
 358  2.032170  5.772489  -0.979913  0.199425  0.000000  0.000000  1.000000  4.000000
 359  19.602261  0.895037  0.925003  0.379960  0.000000  0.000000  1.000000  4.000000
 360  12.950058  -27.529028  0.958609  -0.284727  0.000000  0.000000  1.000000  4.000000
 361  4.218307  -3.229497  0.010280  -0.999947  0.000000  0.000000  1.000000  4.000000
 362  7.436789  33.368566  0.891958  -0.452118  0.000000  0.000000  1.000000  4.000000
 363  -27.622700  15.065967  -0.834240  -0.551402  0.000000  0.000000  1.000000  4.000000
 364  17.782645  -14.441881  -0.874961  0.484193  0.000000  0.000000  1.000000  4.000000
 365  35.744080  17.896907  0.322302  0.946637  0.000000  0.000000  1.000000  4.000000
 366  18.603233  5.364366  0.390722  -0.920509  0.000000  0.000000  1.000000  4.000000
 367  -30.923467  17.510762  0.188307  -0.982110  0.000000  0.000000  1.000000  4.000000
 368  14.668125  33.554762  -0.255358  -0.966847  0.000000  0.000000  1.000000  4.000000
 369  14.271525  -37.292153  -0.489171  -0.872188  0.000000  0.000000  1.000000  4.000000
 370  26.794742  -26.338443  -0.542496  -0.840059  0.000000  0.000000  1.000000  4.000000
 371  6.162201  13.493724  -0.895537  -0.444988  0.000000  0.000000  1.000000  4.000000
 372  -8.655534  -28.583588  -0.637540  0.770418  0.000000  0.000000  1.000000  4.000000
 373  37.485440  -8.432625  -0.688576  0.725164  0.000000  0.000000  1.000000  4.000000
 374  -19.233569  -6.414960  -0.985732  -0.168322  0.000000  0.000000  1.000000  4.000000
 375  17.097833  -0.222410  0.851821  0.523833  0.000000  0.000000  1.000000  4.000000
 376  12.762712  -33.305885  -0.019972  0.999801  0.000000  0.000000  1.000000  4.000000
 377  24.770522  31.238423  -0.466063  -0.884752  0.000000  0.000000  1.000000  4.000000
 378  -20.812569  -8.140222  -0.833412  0.552652  0.000000  0.000000  1.000000  4.000000
 379  -5.465311  -32.236920  -0.673804  -0.738910  0.000000  0.000000  1.000000  4.000000
 380  -23.774961  17.620555  0.639342  -0.768922  0.000000  0.000000  1.000000  4.000000
 381  -9.229751  21.722630  -0.921106  -0.389312  0.000000  0.000000  1.000000  4.000000
 382  -18.374017  17.140505  -0.860783  0.508972  0.000000  0.000000  1.000000  4.000000
 383  20.678567  -33.360003  0.040788  0.999168  0.000000  0.000000  1.000000  4.000000
 384  -4.267692  33.358162  0.085411  0.996346  0.000000  0.000000  1.000000  4.000000
 385  -2.249164  15.779137  0.119182  -0.992872  0.000000  0.000000  1.000000  4.000000
 386  -32.927174  1.204475  -0.102371  0.994746  0.000000  0.000000  1.000000  4.000000
 387  33.884729  -11.899008  0.396952  0.917839  0.000000  0.000000  1.000000  4.000000
 388  -2.315827  -36.798508  0.994603  -0.103753  0.000000  0.000000  1.000000  4.000000
 389  33.525323  6.655698  0.209646  0.977777  0.000000  0.000000  1.000000  4.000000
 390  -17.638613  -25.719736  0.560276  0.828306  0.000000  0.000000  1.000000  4.000000
 391  23.570713  29.112418  -0.049495  -0.998774  0.000000  0.000000  1.000000  4.000000
 392  -2.716931  30.517757  0.149455  -0.988769  0.000000  0.000000  1.000000  4.000000
 393  37.339339  13.430614  0.513755  -0.857937  0.000000  0.000000  1.000000  4.000000
 394  37.036541  -13.412870  -0.570647  -0.821196  0.000000  0.000000  1.000000  4.000000
 395  -15.390163  -12.451396  -0.862334  -0.506339  0.000000  0.000000  1.000000  4.000000
 396  2.044930  -11.568868  0.274183  -0.961678  0.000000  0.000000  1.000000  4.000000
 397  12.615741  14.181248  -0.396287  -0.918127  0.000000  0.000000  1.000000  4.000000
 398  -7.116266  21.818627  0.750971  0.660336  0.000000  0.000000  1.000000  4.000000
 399  16.532082  -24.127886  -0.200762  -0.979640  0.000000  0.000000  1.000000  4.000000
 400  0.029157  27.952559  0.456770  -0.889585  0.000000  0.000000  1.000000  4.000000
 401  -6.278965  -15.628841  -0.812669  -0.582725  0.000000  0.000000  1.000000  4.000000
 402  18.385113  -22.491748  0.536325  -0.844012  0.000000  0.000000  1.000000  4.000000
 403  -21.348404  21.820982  0.999583  -0.028884  0.000000  0.000000  1.000000  4.000000
 404  -26.897934  20.837729  -0.840019  0.542557  0.000000  0.000000  1.000000  4.000000
 405  19.085599  7.027623  -0.957738  -0.287641  0.000000  0.000000  1.000000  4.000000
 406  -27.470429  -17.307989  0.430042  -0.902809  0.000000  0.000000  1.000000  4.000000
 407  -7.095456  0.681013  0.690651  -0.723188  0.000000  0.000000  1.000000  4.000000
 408  -7.999752  -36.604593  0.996026  -0.089058  0.000000  0.000000  1.000000  4.000000
 409  -6.594517  3.748500  0.956835  -0.290631  0.000000  0.000000  1.000000  4.000000
 410  -19.241668  0.264484  0.915993  -0.401194  0.000000  0.000000  1.000000  4.000000
 411  28.054662  8.766506  -0.500230  -0.865893  0.000000  0.000000  1.000000  4.000000
 412  3.067509  -31.665803  -0.541837  0.840484  0.000000  0.000000  1.000000  4.000000
 413  16.397880  9.255317  0.997108  0.075995  0.000000  0.000000  1.000000  4.000000
 414  -31.947476  -1.408722  0.786870  0.617119  0.000000  0.000000  1.000000  4.000000
 415  14.273545  -17.490625  0.300032  -0.953929  0.000000  0.000000  1.000000  4.000000
 416  2.372285  -13.527329  0.090196  0.995924  0.000000  0.000000  1.000000  4.000000
 417  10.026377  -5.386696  -0.533037  0.846092  0.000000  0.000000  1.000000  4.000000
 418  -27.878735  -9.425348  0.259595  -0.965718  0.000000  0.000000  1.000000  4.000000
 419  21.270877  2.698123  -0.978888  -0.204399  0.000000  0.000000  1.000000  4.000000
 420  -11.599475  -32.371443  -0.001725  -0.999999  0.000000  0.000000  1.000000  4.000000
 421  19.831768  -13.831909  0.966028  -0.258436  0.000000  0.000000  1.000000  4.000000
 422  -17.610069  -15.451366  0.981002  0.193996  0.000000  0.000000  1.000000  4.000000
 423  8.652103  -13.049466  -0.121831  0.992551  0.000000  0.000000  1.000000  4.000000
 424  -25.769168  14.214360  -0.995112  0.098754  0.000000  0.000000  1.000000  4.000000
 425  -33.121543  -15.055355  0.357464  -0.933927  0.000000  0.000000  1.000000  4.000000
 426  26.497507  23.467572  0.890612  0.454765  0.000000  0.000000  1.000000  4.000000
 427  -3.595449  -17.100515  -0.566928  0.823768  0.000000  0.000000  1.000000  4.000000
 428  12.470701  -37.672037  -0.999713  -0.023963  0.000000  0.000000  1.000000  4.000000
 429  15.698917  -30.928158  0.282344  -0.959313  0.000000  0.000000  1.000000  4.000000
 430  17.421366  34.571158  -0.754499  0.656301  0.000000  0.000000  1.000000  4.000000
 431  15.678912  6.876984  0.769920  0.638141  0.000000  0.000000  1.000000  4.000000
 432  -26.948814  7.507332  -0.833827  -0.552026  0.000000  0.000000  1.000000  4.000000
 433  -3.474476  -1.446023  0.841676  0.539983  0.000000  0.000000  1.000000  4.000000
 434  28.417306  1.824731  0.192451  -0.981307  0.000000  0.000000  1.000000  4.000000
 435  -6.895215  -2.023754  0.150107  0.988670  0.000000  0.000000  1.000000  4.000000
 436  4.655393  -15.276375  -0.377600  -0.925969  0.000000  0.000000  1.000000  4.000000
 437  -16.681394  32.678859  0.642053  -0.766660  0.000000  0.000000  1.000000  4.000000
 438  -3.964921  35.176686  -0.133389  -0.991064  0.000000  0.000000  1.000000  4.000000
 439  3.934786  -11.847817  0.854406  -0.519606  0.000000  0.000000  1.000000  4.000000
 440  -6.562495  -10.296756  0.661556  -0.749896  0.000000  0.000000  1.000000  4.000000
 441  17.055539  10.740407  -0.975447  0.220236  0.000000  0.000000  1.000000  4.000000
 442  -1.608052  -2.563285  0.982447  -0.186544  0.000000  0.000000  1.000000  4.000000
 443  -5.474353  24.927495  0.769701  -0.638405  0.000000  0.000000  1.000000  4.000000
 444  14.929928  -35.252413  0.764608  -0.644495  0.000000  0.000000  1.000000  4.000000
 445  20.367188  17.076510  0.658385  0.752681  0.000000  0.000000  1.000000  4.000000
 446  -8.353552  -30.395516  0.838505  0.544893  0.000000  0.000000  1.000000  4.000000
 447  16.211601  -12.903042  -0.437902  -0.899023  0.000000  0.000000  1.000000  4.000000
 448  -36.664083  3.371386  -0.677655  0.735380  0.000000  0.000000  1.000000  4.000000
 449  -26.319126  -0.851605  0.947078  -0.321005  0.000000  0.000000  1.000000  4.000000
 450  -10.216931  -5.696623  0.859038  -0.511912  0.000000  0.000000  1.000000  4.000000
 451  6.637742  -32.433021  0.949326  -0.314292  0.000000  0.000000  1.000000  4.000000
 452  12.786315  36.384636  0.935439  0.353489  0.000000  0.000000  1.000000  4.000000
 453  7.352098  -15.221867  0.824452  -0.565932  0.000000  0.000000  1.000000  4.000000
 454  0.640969  36.014950  0.992995  0.118155  0.000000  0.000000  1.000000  4.000000
 455  -29.247567  -16.770926  0.188325  -0.982107  0.000000  0.000000  1.000000  4.000000
 456  -21.556323  8.069273  -0.059496  0.998229  0.000000  0.000000  1.000000  4.000000
 457  14.358042  -24.010866  -0.884300  0.466919  0.000000  0.000000  1.000000  4.000000
 458  1.037989  -7.148717  -0.439533  -0.898226  0.000000  0.000000  1.000000  4.000000
 459  13.000862  -9.631404  0.179397  0.983777  0.000000  0.000000  1.000000  4.000000
 460  26.617531  -1.697087  0.911734  0.410781  0.000000  0.000000  1.000000  4.000000
 461  0.429050  -4.407235  0.941383  0.337339  0.000000  0.000000  1.000000  4.000000
 462  -10.200524  -34.549466  -0.338727  -0.940885  0.000000  0.000000  1.000000  4.000000
 463  -21.589335  18.779222  0.037619  -0.999292  0.000000  0.000000  1.000000  4.000000
 464  14.376251  -26.402877  -0.350370  -0.936612  0.000000  0.000000  1.000000  4.000000
 465  -5.335274  2.025622  -0.704349  0.709854  0.000000  0.000000  1.000000  4.000000
 466  -22.308392  -26.582615  0.993165  -0.116715  0.000000  0.000000  1.000000  4.000000
 467  -1.559933  -28.941702  0.129719  -0.991551  0.000000  0.000000  1.000000  4.000000
 468  12.143148  -11.072385  0.789801  -0.613363  0.000000  0.000000  1.000000  4.000000
 469  -34.702611  -1.113990  0.730386  0.683034  0.000000  0.000000  1.000000  4.000000
 470  20.962723  27.394740  -0.335764  -0.941946  0.000000  0.000000  1.000000  4.000000
 471  1.859486  4.116295  -0.760418  0.649434  0.000000  0.000000  1.000000  4.000000
 472  -13.170423  4.966915  0.453943  -0.891031  0.000000  0.000000  1.000000  4.000000
 473  -22.402798  -15.823853  -0.756839  -0.653602  0.000000  0.000000  1.000000  4.000000
 474  39.204611  5.730826  0.047146  0.998888  0.000000  0.000000  1.000000  4.000000
 475  -14.893942  36.021138  -0.545883  -0.837861  0.000000  0.000000  1.000000  4.000000
 476  3.078089  -10.238529  0.988799  -0.149255  0.000000  0.000000  1.000000  4.000000
 477  -27.301116  0.576107  0.997422  -0.071756  0.000000  0.000000  1.000000  4.000000
 478  -9.668446  -11.891133  0.368680  0.929556  0.000000  0.000000  1.000000  4.000000
 479  3.114079  -21.515530  -0.684071  -0.729415  0.000000  0.000000  1.000000  4.000000
 480  36.153162  -5.204681  0.938793  0.344482  0.000000  0.000000  1.000000  4.000000
 481  27.561744  -7.961881  -0.988377  0.152021  0.000000  0.000000  1.000000  4.000000
 482  34.108140  9.724300  -0.826284  0.563254  0.000000  0.000000  1.000000  4.000000
 483  15.466420  36.418747  -0.484105  -0.875010  0.000000  0.000000  1.000000  4.000000
 484  19.030264  33.725181  -0.946541  -0.322585  0.000000  0.000000  1.000000  4.000000
 485  14.839509  -15.371121  0.918469  0.395493  0.000000  0.000000  1.000000  4.000000
 486  -22.160378  10.154584  0.931671  0.363302  0.000000  0.000000  1.000000  4.000000
 487  17.789354  24.500036  -0.966849  0.255349  0.000000  0.000000  1.000000  4.000000
 488  3.743005  32.221638  -0.851261  0.524742  0.000000  0.000000  1.000000  4.000000
 489  2.047548  -37.444948  0.887071  -0.461633  0.000000  0.000000  1.000000  4.000000
 490  -13.068489  13.029072  0.990348  -0.138603  0.000000  0.000000  1.000000  4.000000
 491  23.446587  -27.949978  -0.416090  -0.909323  0.000000  0.000000  1.000000  4.000000
 492  -25.031298  11.057927  -0.042643  0.999090  0.000000  0.000000  1.000000  4.000000
 493  -0.683376  20.171504  -0.093914  -0.995580  0.000000  0.000000  1.000000  4.000000
 494  -0.952242  -38.336550  -0.127341  0.991859  0.000000  0.000000  1.000000  4.000000
 495  -36.412894  -8.009639  0.527090  0.849809  0.000000  0.000000  1.000000  4.000000
 496  19.651037  -10.459469  0.640108  0.768285  0.000000  0.000000  1.000000  4.000000
 497  -17.003300  14.697192  0.734726  0.678364  0.000000  0.000000  1.000000  4.000000
 498  -0.495045  22.171130  -0.484670  -0.874697  0.000000  0.000000  1.000000  4.000000
 499  -14.562915  15.165438  0.862634  -0.505828  0.000000  0.000000  1.000000  4.000000
 500  21.842107  -10.808983  0.699627  0.714509  0.000000  0.000000  1.000000  4.000000
 501  -10.082549  30.662276  -0.833634  0.552317  0.000000  0.000000  1.000000  4.000000
 502  -25.211773  -22.569749  0.236788  0.971561  0.000000  0.000000  1.000000  4.000000
 503  2.486585  -39.718650  0.957393  -0.288787  0.000000  0.000000  1.000000  4.000000
 504  -39.803722  -1.657590  -0.321762  -0.946821  0.000000  0.000000  1.000000  4.000000
 505  -21.384798  15.163736  -0.953696  -0.300773  0.000000  0.000000  1.000000  4.000000
 506  -12.861616  35.992078  0.437739  0.899102  0.000000  0.000000  1.000000  4.000000
 507  -4.566342  31.556686  0.439644  0.898172  0.000000  0.000000  1.000000  4.000000
 508  -24.566264  3.837346  0.101181  0.994868  0.000000  0.000000  1.000000  4.000000
 509  3.653968  28.032197  0.225938  -0.974142  0.000000  0.000000  1.000000  4.000000
 510  13.100339  32.784404  0.915768  -0.401707  0.000000  0.000000  1.000000  4.000000
 511  -20.618120  -13.540996  0.723940  -0.689863  0.000000  0.000000  1.000000  4.000000
 512  31.818909  7.981477  -0.923434  0.383757  0.000000  0.000000  1.000000  4.000000
 513  26.029341  -5.898560  -0.921338  -0.388763  0.000000  0.000000  1.000000  4.000000
 514  -35.455810  -14.587831  0.422148  -0.906527  0.000000  0.000000  1.000000  4.000000
 515  0.032530  11.561944  0.824706  0.565561  0.000000  0.000000  1.000000  4.000000
 516  28.745572  -13.243902  -0.540197  -0.841539  0.000000  0.000000  1.000000  4.000000
 517  -27.363972  -15.464528  0.940656  0.339362  0.000000  0.000000  1.000000  4.000000
 518  32.501378  10.773459  0.936404  0.350923  0.000000  0.000000  1.000000  4.000000
 519  -7.061256  -24.856946  -0.669470  -0.742839  0.000000  0.000000  1.000000  4.000000
 520  12.386618  10.178158  -0.973285  0.229598  0.000000  0.000000  1.000000  4.000000
 521  10.792518  13.729777  -0.225695  0.974198  0.000000  0.000000  1.000000  4.000000
 522  5.770987  10.713089  0.963711  0.266948  0.000000  0.000000  1.000000  4.000000
 523  9.630828  0.464489  0.852287  -0.523075  0.000000  0.000000  1.000000  4.000000
 524  -29.005977  21.705328  0.988848  0.148927  0.000000  0.000000  1.000000  4.000000
 525  -5.650230  34.741935  -0.283100  0.959090  0.000000  0.000000  1.000000  4.000000
 526  14.568419  25.858826  -0.679389  -0.733778  0.000000  0.000000  1.000000  4.000000
 527  -19.435575  -4.916941  -0.884412  0.466707  0.000000  0.000000  1.000000  4.000000
 528  4.848661  -38.697194  0.969884  -0.243567  0.000000  0.000000  1.000000  4.000000
 529  -22.129461  30.610246  -0.095624  0.995418  0.000000  0.000000  1.000000  4.000000
 530  22.667995  -24.873429  0.978279  0.207290  0.000000  0.000000  1.000000  4.000000
 531  32.749315  -16.057190  -0.575178  0.818028  0.000000  0.000000  1.000000  4.000000
 532  4.215323  34.680080  -0.994270  0.106899  0.000000  0.000000  1.000000  4.000000
 533  24.852700  -27.376928  -0.648971  0.760813  0.000000  0.000000  1.000000  4.000000
 534  14.406931  -22.209849  -0.996485  -0.083774  0.000000  0.000000  1.000000  4.000000
 535  -28.793339  6.294487  -0.950777  -0.309877  0.000000  0.000000  1.000000  4.000000
 536  2.762334  36.684993  -0.744179  -0.667981  0.000000  0.000000  1.000000  4.000000
 537  29.336366  11.409679  -0.981054  0.193733  0.000000  0.000000  1.000000  4.000000
 538  -3.690929  -23.267892  0.115399  -0.993319  0.000000  0.000000  1.000000  4.000000
 539  4.786708  -27.067958  -0.996921  0.078415  0.000000  0.000000  1.000000  4.000000
 540  -12.234921  -3.163340  0.925739  0.378163  0.000000  0.000000  1.000000  4.000000
 541  2.054474  33.034410  0.021554  -0.999768  0.000000  0.000000  1.000000  4.000000
 542  8.402766  20.609961  0.964992  -0.262278  0.000000  0.000000  1.000000  4.000000
 543  -13.101905  -11.866620  0.829594  0.558368  0.000000  0.000000  1.000000  4.000000
 544  -18.056954  27.686744  0.925972  -0.377593  0.000000  0.000000  1.000000  4.000000
 545  -4.580200  -12.598567  -0.993036  0.117809  0.000000  0.000000  1.000000  4.000000
 546  -18.596783  -31.699509  0.089199  -0.996014  0.000000  0.000000  1.000000  4.000000
 547  -4.423091  -10.171359  -0.480462  0.877016  0.000000  0.000000  1.000000  4.000000
 548  -4.081294  23.020244  -0.468803  -0.883303  0.000000  0.000000  1.000000  4.000000
 549  -4.226740  39.457966  -0.258042  0.966134  0.000000  0.000000  1.000000  4.000000
 550  20.118714  5.595018  -0.993115  0.117146  0.000000  0.000000  1.000000  4.000000
 551  18.116008  26.132938  0.945640  -0.325216  0.000000  0.000000  1.000000  4.000000
 552  -17.048748  -13.861128  -0.983126  0.182931  0.000000  0.000000  1.000000  4.000000
 553  32.726959  -2.138986  -0.866321  0.499488  0.000000  0.000000  1.000000  4.000000
 554  -6.968702  28.907047  0.496894  0.867811  0.000000  0.000000  1.000000  4.000000
 555  -11.299462  -7.153975  -0.335796  -0.941935  0.000000  0.000000  1.000000  4.000000
 556  -6.120415  -23.420143  0.991344  0.131291  0.000000  0.000000  1.000000  4.000000
 557  -35.313802  7.992993  -0.907286  0.420515  0.000000  0.000000  1.000000  4.000000
 558  -24.824372  -6.269945  0.306208  0.951965  0.000000  0.000000  1.000000  4.000000
 559  7.120346  -28.448278  -0.483204  -0.875508  0.000000  0.000000  1.000000  4.000000
 560  32.829728  -3.794355  -0.925161  0.379575  0.000000  0.000000  1.000000  4.000000
 561  0.676974  -24.198742  0.214895  0.976637  0.000000  0.000000  1.000000  4.000000
 562  31.318145  -24.394285  0.995849  0.091023  0.000000  0.000000  1.000000  4.000000
 563  31.314844  22.499267  -0.686965  0.726691  0.000000  0.000000  1.000000  4.000000
 564  0.655860  19.126688  -0.399576  0.916700  0.000000  0.000000  1.000000  4.000000
 565  24.793333  24.312299  -0.989790  -0.142535  0.000000  0.000000  1.000000  4.000000
 566  -26.185796  28.908867  -0.991919  -0.126874  0.000000  0.000000  1.000000  4.000000
 567  9.372985  21.871340  -0.486567  0.873643  0.000000  0.000000  1.000000  4.000000
 568  -29.217268  -14.067868  -0.913077  -0.407788  0.000000  0.000000  1.000000  4.000000
 569  10.217785  15.285394  -0.482190  -0.876067  0.000000  0.000000  1.000000  4.000000
 570  -2.705334  -19.978450  -0.011986  -0.999928  0.000000  0.000000  1.000000  4.000000
 571  38.352263  -10.680760  0.809761  0.586759  0.000000  0.000000  1.000000  4.000000
 572  -5.577845  12.822145  0.977401  0.211392  0.000000  0.000000  1.000000  4.000000
 573  26.870012  -13.292309  -0.781404  0.624025  0.000000  0.000000  1.000000  4.000000
 574  -5.384845  -0.869952  0.999526  0.030782  0.000000  0.000000  1.000000  4.000000
 575  23.598805  13.956122  0.877223  -0.480083  0.000000  0.000000  1.000000  4.000000
 576  -36.892136  11.250203  -0.887933  0.459972  0.000000  0.000000  1.000000  4.000000
 577  -8.169227  -16.112690  0.626395  0.779506  0.000000  0.000000  1.000000  4.000000
 578  30.998957  20.743858  0.759541  -0.650460  0.000000  0.000000  1.000000  4.000000
 579  -23.425856  12.865153  0.998829  -0.048384  0.000000  0.000000  1.000000  4.000000
 580  -29.356870  12.684866  0.930651  0.365907  0.000000  0.000000  1.000000  4.000000
 581  -12.289815  -20.053491  -0.051435  0.998676  0.000000  0.000000  1.000000  4.000000
 582  -15.324415  23.843484  -0.395665  0.918395  0.000000  0.000000  1.000000  4.000000
 583  -12.805523  -10.373492  0.376183  -0.926546  0.000000  0.000000  1.000000  4.000000
 584  -14.199503  11.910271  -0.823834  -0.566831  0.000000  0.000000  1.000000  4.000000
 585  29.744009  14.203089  0.547741  -0.836648  0.000000  0.000000  1.000000  4.000000
 586  16.236545  15.800905  0.988768  -0.149458  0.000000  0.000000  1.000000  4.000000
 587  -38.005086  -11.481758  0.647023  -0.762470  0.000000  0.000000  1.000000  4.000000
 588  22.249322  -3.152772  0.685430  0.728139  0.000000  0.000000  1.000000  4.000000
 589  12.352290  8.306906  -0.011432  0.999935  0.000000  0.000000  1.000000  4.000000
 590  22.998656  -9.036658  0.357342  -0.933974  0.000000  0.000000  1.000000  4.000000
 591  -18.106832  -29.916618  0.750072  0.661357  0.000000  0.000000  1.000000  4.000000
 592  34.481118  -2.352659  -0.115172  0.993346  0.000000  0.000000  1.000000  4.000000
 593  11.450134  -15.612141  0.790350  0.612656  0.000000  0.000000  1.000000  4.000000
 594  24.496796  2.694197  -0.735017  -0.678048  0.000000  0.000000  1.000000  4.000000
 595  -28.390004  -19.130708  -0.754532  0.656263  0.000000  0.000000  1.000000  4.000000
 596  -22.689179  -31.995885  0.963453  0.267879  0.000000  0.000000  1.000000  4.000000
 597  -35.135000  5.660343  0.354830  0.934931  0.000000  0.000000  1.000000  4.000000
 598  3.490807  -0.275598  0.740374  0.672195  0.000000  0.000000  1.000000  4.000000
 599  -13.231708  20.655856  0.200688  0.979655  0.000000  0.000000  1.000000  4.000000
 600  -7.609483  38.153241  -0.151893  0.988397  0.000000  0.000000  1.000000  4.000000
 601  37.545423  2.415562  0.783633  -0.621224  0.000000  0.000000  1.000000  4.000000
 602  34.556786  3.411885  0.981928  -0.189254  0.000000  0.000000  1.000000  4.000000
 603  -15.969063  -6.067966  0.862815  0.505521  0.000000  0.000000  1.000000  4.000000
 604  -13.492943  -17.985530  -0.634513  -0.772912  0.000000  0.000000  1.000000  4.000000
 605  -36.747238  13.821566  -0.976374  0.216088  0.000000  0.000000  1.000000  4.000000
 606  -6.086026  -34.341622  -0.412187  -0.911099  0.000000  0.000000  1.000000  4.000000
 607  -21.354634  -28.763619  -0.732919  0.680315  0.000000  0.000000  1.000000  4.000000
 608  -15.312611  -16.095888  -0.303377  0.952870  0.000000  0.000000  1.000000  4.000000
 609  -15.526325  -32.049359  -0.233916  -0.972257  0.000000  0.000000  1.000000  4.000000
 610  25.057267  -10.498951  0.960358  0.278770  0.000000  0.000000  1.000000  4.000000
 611  13.519667  19.104671  -0.994893  0.100935  0.000000  0.000000  1.000000  4.000000
 612  -34.128971  3.549379  0.999990  0.004458  0.000000  0.000000  1.000000  4.000000
 613  -2.926750  25.367325  0.070435  0.997516  0.000000  0.000000  1.000000  4.000000
 614  8.966657  26.970196  -0.886158  0.463384  0.000000  0.000000  1.000000  4.000000
 615  -3.308846  -31.763400  -0.223903  -0.974611  0.000000  0.000000  1.000000  4.000000
 616  -9.060608  5.319128  0.720644  -0.693305  0.000000  0.000000  1.000000  4.000000
 617  16.956845  -31.887796  0.844932  0.534873  0.000000  0.000000  1.000000  4.000000
 618  27.723954  5.750134  0.092344  0.995727  0.000000  0.000000  1.000000  4.000000
 619  23.986550  -25.624283  -0.998301  0.058267  0.000000  0.000000  1.000000  4.000000
 620  -6.334123  27.050323  0.998121  0.061280  0.000000  0.000000  1.000000  4.000000
 621  6.272968  2.275768  0.572493  0.819910  0.000000  0.000000  1.000000  4.000000
 622  -16.073914  -28.120426  0.969315  0.245823  0.000000  0.000000  1.000000  4.000000
 623  0.164128  9.146166  -0.987425  -0.158085  0.000000  0.000000  1.000000  4.000000
 624  12.459424  -20.142884  -0.999968  0.007944  0.000000  0.000000  1.000000  4.000000
 625  29.138302  -21.862552  -0.183516  -0.983017  0.000000  0.000000  1.000000  4.000000
 626  -38.620178  -8.613084  -0.963624  -0.267261  0.000000  0.000000  1.000000  4.000000
 627  11.817388  6.306354  -0.788591  -0.614918  0.000000  0.000000  1.000000  4.000000
 628  -1.747604  0.962936  -0.919432  -0.393249  0.000000  0.000000  1.000000  4.000000
 629  0.171352  -16.294048  -0.931055  0.364879  0.000000  0.000000  1.000000  4.000000
 630  -20.715643  -20.483064  -0.988436  -0.151641  0.000000  0.000000  1.000000  4.000000
 631  -14.242275  -20.167068  -0.174591  -0.984641  0.000000  0.000000  1.000000  4.000000
 632  -25.229951  27.686583  0.308718  -0.951153  0.000000  0.000000  1.000000  4.000000
 633  39.863883  -3.100852  0.908770  0.417296  0.000000  0.000000  1.000000  4.000000
 634  -27.865695  11.007871  0.871420  -0.490538  0.000000  0.000000  1.000000  4.000000
 635  -8.530586  13.944253  -0.629153  -0.777282  0.000000  0.000000  1.000000  4.000000
 636  -17.367899  -7.524661  -0.049729  0.998763  0.000000  0.000000  1.000000  4.000000
 637  27.249724  17.746977  -0.937381  -0.348305  0.000000  0.000000  1.000000  4.000000
 638  14.655517  13.362943  0.972890  0.231269  0.000000  0.000000  1.000000  4.000000
 639  -30.835604  20.845988  0.960964  -0.276675  0.000000  0.000000  1.000000  4.000000
 640  -26.562994  -29.123941  0.377328  -0.926080  0.000000  0.000000  1.000000  4.000000
 641  -30.297959  6.628301  -0.599569  0.800323  0.000000  0.000000  1.000000  4.000000
 642  20.677491  25.651214  0.591253  0.806486  0.000000  0.000000  1.000000  4.000000
 643  -2.281504  -4.012581  0.401744  -0.915752  0.000000  0.000000  1.000000  4.000000
 644  -18.468517  8.084693  0.996367  0.085163  0.000000  0.000000  1.000000  4.000000
 645  3.002696  29.745066  -0.625502  0.780222  0.000000  0.000000  1.000000  4.000000
 646  1.215658  14.199382  -0.364341  0.931265  0.000000  0.000000  1.000000  4.000000
 647  -13.667453  -24.230712  0.054213  0.998529  0.000000  0.000000  1.000000  4.000000
 648  4.959243  -4.621257  -0.614496  -0.788920  0.000000  0.000000  1.000000  4.000000
 649  10.032289  -1.009838  0.953838  -0.300322  0.000000  0.000000  1.000000  4.000000
 650  -34.221282  -12.763071  -0.969828  -0.243790  0.000000  0.000000  1.000000  4.000000
 651  -8.661039  3.744062  -0.946057  0.323999  0.000000  0.000000  1.000000  4.000000
 652  20.826292  12.701057  -0.283734  0.958903  0.000000  0.000000  1.000000  4.000000
 653  -14.371044  27.416298  -0.307386  -0.951585  0.000000  0.000000  1.000000  4.000000
 654  -24.844085  -26.110317  0.443529  0.896260  0.000000  0.000000  1.000000  4.000000
 655  5.121576  -37.072765  -0.727953  0.685627  0.000000  0.000000  1.000000  4.000000
 656  9.943945  -20.961063  -0.796870  -0.604151  0.000000  0.000000  1.000000  4.000000
 657  -26.308544  -12.550221  0.545095  0.838375  0.000000  0.000000  1.000000  4.000000
 658  31.434311  -18.658360  0.507143  -0.861862  0.000000  0.000000  1.000000  4.000000
 659  11.962786  26.959613  0.856984  -0.515343  0.000000  0.000000  1.000000  4.000000
 660  -1.274684  5.740023  0.914194  0.405277  0.000000  0.000000  1.000000  4.000000
 661  3.927098  2.398310  0.166020  -0.986122  0.000000  0.000000  1.000000  4.000000
 662  30.715493  15.768687  -0.626166  -0.779690  0.000000  0.000000  1.000000  4.000000
 663  -6.097341  -30.683366  -0.542612  0.839984  0.000000  0.000000  1.000000  4.000000
 664  16.417566  -9.095651  -0.786084  -0.618120  0.000000  0.000000  1.000000  4.000000
 665  -19.138395  -23.657699  -0.084411  -0.996431  0.000000  0.000000  1.000000  4.000000
 666  20.241054  -16.345899  -0.918399  -0.395655  0.000000  0.000000  1.000000  4.000000
 667  -10.647545  12.044489  -0.537942  -0.842982  0.000000  0.000000  1.000000  4.000000
 668  5.845932  -2.270143  -0.341934  -0.939724  0.000000  0.000000  1.000000  4.000000
 669  -23.912478  14.579657  0.780701  -0.624905  0.000000  0.000000  1.000000  4.000000
 670  16.092959  -22.317348  -0.034873  0.999392  0.000000  0.000000  1.000000  4.000000
 671  5.557020  -9.182131  -0.373563  0.927605  0.000000  0.000000  1.000000  4.000000
 672  -29.581845  -25.861396  -0.283980  0.958830  0.000000  0.000000  1.000000  4.000000
 673  24.746845  -18.570232  -0.612597  0.790395  0.000000  0.000000  1.000000  4.000000
 674  11.292896  -24.943685  -0.933485  -0.358616  0.000000  0.000000  1.000000  4.000000
 675  -32.026230  4.233108  0.597471  0.801890  0.000000  0.000000  1.000000  4.000000
 676  21.809465  -21.843951  0.048361  0.998830  0.000000  0.000000  1.000000  4.000000
 677  17.541127  3.497644  0.246944  0.969030  0.000000  0.000000  1.000000  4.000000
 678  1.173291  -38.881445  -0.501629  0.865083  0.000000  0.000000  1.000000  4.000000
 679  -7.004668  -18.115936  -0.667731  0.744402  0.000000  0.000000  1.000000  4.000000
 680  -11.847645  -34.408927  0.597265  -0.802044  0.000000  0.000000  1.000000  4.000000
 681  27.487034  14.869148  0.247855  -0.968797  0.000000  0.000000  1.000000  4.000000
 682  23.550839  6.326101  0.376337  -0.926483  0.000000  0.000000  1.000000  4.000000
 683  -23.404767  -3.269152  -0.434985  0.900438  0.000000  0.000000  1.000000  4.000000
 684  10.196721  -9.886942  0.133272  0.991079  0.000000  0.000000  1.000000  4.000000
 685  28.760681  -25.429037  -0.161425  0.986885  0.000000  0.000000  1.000000  4.000000
 686  39.091091  3.756686  -0.481107  0.876662  0.000000  0.000000  1.000000  4.000000
 687  4.422831  -8.178512  0.401418  0.915895  0.000000  0.000000  1.000000  4.000000
 688  -32.737481  18.560273  -0.116919  -0.993141  0.000000  0.000000  1.000000  4.000000
 689  8.284869  -37.642748  0.896772  0.442494  0.000000  0.000000  1.000000  4.000000
 690  -17.284192  23.578956  0.973579  -0.228351  0.000000  0.000000  1.000000  4.000000
 691  -27.848684  -25.643779  -0.472540  -0.881309  0.000000  0.000000  1.000000  4.000000
 692  -0.232693  14.839134  -0.288364  0.957521  0.000000  0.000000  1.000000  4.000000
 693  11.690497  15.621843  -0.786328  -0.617809  0.000000  0.000000  1.000000  4.000000
 694  -3.955626  -19.054413  0.359799  0.933030  0.000000  0.000000  1.000000  4.000000
 695  11.211481  -35.783236  0.052937  0.998598  0.000000  0.000000  1.000000  4.000000
 696  -17.859001  12.115441  -0.552758  0.833342  0.000000  0.000000  1.000000  4.000000
 697  2.886994  8.112514  -0.999739  -0.022837  0.000000  0.000000  1.000000  4.000000
 698  29.890193  7.386639  -0.728530  0.685013  0.000000  0.000000  1.000000  4.000000
 699  1.092238  -19.079428  0.367883  -0.929872  0.000000  0.000000  1.000000  4.000000
 700  20.020030  32.472612  0.988670  0.150107  0.000000  0.000000  1.000000  4.000000
 701  -28.487535  -12.627929  0.655828  -0.754910  0.000000  0.000000  1.000000  4.000000
 702  -5.471243  4.810273  0.880005  -0.474964  0.000000  0.000000  1.000000  4.000000
 703  -6.576010  -20.393310  -0.839773  -0.542938  0.000000  0.000000  1.000000  4.000000
 704  -37.104584  -10.023325  0.802704  -0.596378  0.000000  0.000000  1.000000  4.000000
 705  -10.789422  -9.193377  0.581602  0.813474  0.000000  0.000000  1.000000  4.000000
 706  -26.065579  26.044098  0.949728  0.313076  0.000000  0.000000  1.000000  4.000000
 707  30.439439  -2.241518  -0.450385  0.892834  0.000000  0.000000  1.000000  4.000000
 708  -19.704755  28.856940  -0.514216  0.857661  0.000000  0.000000  1.000000  4.000000
 709  10.226235  -13.978560  0.750692  0.660652  0.000000  0.000000  1.000000  4.000000
 710  21.877036  -5.670787  -0.981953  0.189127  0.000000  0.000000  1.000000  4.000000
 711  1.214094  0.595675  -0.783890  0.620900  0.000000  0.000000  1.000000  4.000000
 712  -12.262115  28.115430  0.843684  -0.536841  0.000000  0.000000  1.000000  4.000000
 713  -32.485376  -11.981535  0.995989  0.089472  0.000000  0.000000  1.000000  4.000000
 714  -8.650995  -38.197446  -0.870700  0.491815  0.000000  0.000000  1.000000  4.000000
 715  2.717132  -18.843376  -0.091110  0.995841  0.000000  0.000000  1.000000  4.000000
 716  -25.394852  18.825060  -0.904834  0.425765  0.000000  0.000000  1.000000  4.000000
 717  0.045279  -0.361084  -0.572236  -0.820089  0.000000  0.000000  1.000000  4.000000
 718  15.724070  4.834254  -0.519260  0.854616  0.000000  0.000000  1.000000  4.000000
 719  36.950715  7.441084  -0.512228  -0.858850  0.000000  0.000000  1.000000  4.000000
 720  -15.915560  -36.604764  0.982540  -0.186053  0.000000  0.000000  1.000000  4.000000
 721  -1.186107  18.608467  0.217955  0.975959  0.000000  0.000000  1.000000  4.000000
 722  -5.173006  -7.425331  0.836239  -0.548365  0.000000  0.000000  1.000000  4.000000
 723  -14.964558  -2.762990  0.068312  0.997664  0.000000  0.000000  1.000000  4.000000
 724  -17.064129  31.187320  0.843166  0.537654  0.000000  0.000000  1.000000  4.000000
 725  32.288497  -0.307151  0.840938  0.541132  0.000000  0.000000  1.000000  4.000000
 726  3.579780  -16.827128  0.932458  -0.361278  0.000000  0.000000  1.000000  4.000000
 727  -25.254676  30.753052  0.999289  -0.037702  0.000000  0.000000  1.000000  4.000000
 728  -32.817085  7.558719  -0.915587  0.402121  0.000000  0.000000  1.000000  4.000000
 729  19.928667  8.604043  -0.481590  -0.876397  0.000000  0.000000  1.000000  4.000000
 730  -32.706161  -20.763277  -0.971159  -0.238432  0.000000  0.000000  1.000000  4.000000
 731  33.609419  12.878622  -0.246767  0.969075  0.000000  0.000000  1.000000  4.000000
 732  10.490113  35.708970  0.033971  0.999423  0.000000  0.000000  1.000000  4.000000
 733  5.610498  25.917103  0.818105  0.575068  0.000000  0.000000  1.000000  4.000000
 734  -18.610051  -14.115441  0.847824  0.530278  0.000000  0.000000  1.000000  4.000000
 735  35.643895  -15.259323  0.996308  0.085845  0.000000  0.000000  1.000000  4.000000
 736  -12.510053  -30.018775  0.082858  0.996561  0.000000  0.000000  1.000000  4.000000
 737  25.297761  26.519559  0.910499  -0.413512  0.000000  0.000000  1.000000  4.000000
 738  19.513426  -8.332278  0.551626  -0.834092  0.000000  0.000000  1.000000  4.000000
 739  -9.771051  32.516577  -0.956124  -0.292961  0.000000  0.000000  1.000000  4.000000
 740  29.550098  -7.575201  -0.707410  0.706804  0.000000  0.000000  1.000000  4.000000
 741  7.334284  -4.000257  0.932187  -0.361977  0.000000  0.000000  1.000000  4.000000
 742  -15.588947  18.783826  0.529713  0.848177  0.000000  0.000000  1.000000  4.000000
 743  6.526186  -16.650372  -0.975699  -0.219114  0.000000  0.000000  1.000000  4.000000
 744  -25.466255  -8.954680  0.853181  -0.521616  0.000000  0.000000  1.000000  4.000000
 745  21.802967  -29.519831  0.518789  -0.854902  0.000000  0.000000  1.000000  4.000000
 746  -33.875952  9.376705  -0.970041  0.242942  0.000000  0.000000  1.000000  4.000000
 747  15.388909  -33.402440  -0.352854  -0.935678  0.000000  0.000000  1.000000  4.000000
 748  23.426282  11.682305  -0.522100  0.852885  0.000000  0.000000  1.000000  4.000000
 749  -6.471999  10.878959  -0.966161  -0.257940  0.000000  0.000000  1.000000  4.000000
 750  -35.798479  17.239723  0.173791  -0.984783  0.000000  0.000000  1.000000  4.000000
 751  11.561929  -12.630155  -0.878513  0.477719  0.000000  0.000000  1.000000  4.000000
 752  5.054839  -17.200952  0.227949  0.973673  0.000000  0.000000  1.000000  4.000000
 753  -32.385521  12.822858  0.173282  0.984872  0.000000  0.000000  1.000000  4.000000
 754  28.604245  -19.656289  0.087710  -0.996146  0.000000  0.000000  1.000000  4.000000
 755  33.277353  1.423860  -0.981141  0.193291  0.000000  0.000000  1.000000  4.000000
 756  -9.273098  -26.677292  0.984227  -0.176911  0.000000  0.000000  1.000000  4.000000
 757  5.029342  -29.131251  -0.907533  0.419981  0.000000  0.000000  1.000000  4.000000
 758  3.672926  -6.780861  -0.582980  -0.812486  0.000000  0.000000  1.000000  4.000000
 759  -15.556011  34.619457  0.044420  0.999013  0.000000  0.000000  1.000000  4.000000
 760  2.807712  39.785790  -0.904549  0.426370  0.000000  0.000000  1.000000  4.000000
 761  -22.853771  4.646239  0.772203  0.635376  0.000000  0.000000  1.000000  4.000000
 762  -24.853516  15.977052  0.340441  -0.940266  0.000000  0.000000  1.000000  4.000000
 763  38.088641  -3.935301  -0.211103  -0.977464  0.000000  0.000000  1.000000  4.000000
 764  0.044702  -2.290688  0.997870  -0.065239  0.000000  0.000000  1.000000  4.000000
 765  16.464735  -35.135083  -0.059436  0.998232  0.000000  0.000000  1.000000  4.000000
 766  19.150768  -3.549611  0.999737  0.022921  0.000000  0.000000  1.000000  4.000000
 767  23.005445  0.452408  0.948383  -0.317129  0.000000  0.000000  1.000000  4.000000
 768  28.951006  -3.132521  -0.755290  0.655391  0.000000  0.000000  1.000000  4.000000
 769  -22.065825  -18.806532  0.638909  -0.769282  0.000000  0.000000  1.000000  4.000000
 770  -17.295251  35.738344  -0.844132  -0.536135  0.000000  0.000000  1.000000  4.000000
 771  -1.283600  35.659535  -0.944341  0.328968  0.000000  0.000000  1.000000  4.000000
 772  10.688694  24.911889  -0.484100  0.875013  0.000000  0.000000  1.000000  4.000000
 773  -18.499102  1.656112  -0.563572  0.826067  0.000000  0.000000  1.000000  4.000000
 774  -7.691340  -6.008873  0.472392  -0.881389  0.000000  0.000000  1.000000  4.000000
 775  -10.284642  -25.012446  -0.999940  -0.010928  0.000000  0.000000  1.000000  4.000000
 776  38.375271  0.151680  -0.398985  -0.916958  0.000000  0.000000  1.000000  4.000000
 777  -24.203753  29.655869  0.971431  0.237321  0.000000  0.000000  1.000000  4.000000
 778  9.462385  3.349689  0.300482  -0.953787  0.000000  0.000000  1.000000  4.000000
 779  20.770961  -3.601702  0.140104  -0.990137  0.000000  0.000000  1.000000  4.000000
 780  -11.068171  5.545767  -0.815923  0.578160  0.000000  0.000000  1.000000  4.000000
 781  30.292882  -5.856528  0.501731  0.865024  0.000000  0.000000  1.000000  4.000000
 782  -21.900640  32.244476  -0.242383  0.970181  0.000000  0.000000  1.000000  4.000000
 783  -10.262647  14.080041  0.989079  -0.147387  0.000000  0.000000  1.000000  4.000000
 784  3.017778  -28.114988  0.481343  -0.876532  0.000000  0.000000  1.000000  4.000000
 785  -10.373487  18.437501  -0.908713  -0.417422  0.000000  0.000000  1.000000  4.000000
 786  0.320173  39.241797  -0.901383  0.433022  0.000000  0.000000  1.000000  4.000000
 787  10.133589  38.572419  -0.530540  0.847660  0.000000  0.000000  1.000000  4.000000
 788  26.819494  -3.574276  -0.833636  0.552314  0.000000  0.000000  1.000000  4.000000
 789  -10.420452  35.939809  -0.622376  -0.782719  0.000000  0.000000  1.000000  4.000000
 790  -7.092621  -31.864361  -0.053552  -0.998565  0.000000  0.000000  1.000000  4.000000
 791  12.916174  -1.863179  0.770689  0.637211  0.000000  0.000000  1.000000  4.000000
 792  35.082120  -0.814323  0.858425  0.512939  0.000000  0.000000  1.000000  4.000000
 793  -16.866061  17.409653  -0.638351  0.769746  0.000000  0.000000  1.000000  4.000000
 794  31.878745  4.013965  -0.770532  -0.637401  0.000000  0.000000  1.000000  4.000000
 795  30.552003  -11.736287  -0.173377  0.984856  0.000000  0.000000  1.000000  4.000000
 796  -6.167973  9.161701  -0.907653  -0.419722  0.000000  0.000000  1.000000  4.000000
 797  11.757893  -6.276114  -0.871812  0.489841  0.000000  0.000000  1.000000  4.000000
 798  15.425165  31.424073  -0.580148  0.814511  0.000000  0.000000  1.000000  4.000000
 799  -30.701955  25.209305  -0.017648  -0.999844  0.000000  0.000000  1.000000  4.000000
 800  -18.862982  26.399109  0.937516  0.347941  0.000000  0.000000  1.000000  4.000000
 801  -9.107890  -13.416702  0.806578  0.591128  0.000000  0.000000  1.000000  4.000000
 802  9.735499  28.904523  -0.996265  -0.086349  0.000000  0.000000  1.000000  4.000000
 803  5.954709  27.799238  0.276530  -0.961005  0.000000  0.000000  1.000000  4.000000
 804  -19.517830  -15.544987  -0.847112  0.531414  0.000000  0.000000  1.000000  4.000000
 805  21.889500  18.767123  -0.865219  0.501394  0.000000  0.000000  1.000000  4.000000
 806  21.305971  29.883602  0.409896  -0.912132  0.000000  0.000000  1.000000  4.000000
 807  -23.165385  27.243146  0.702831  0.711357  0.000000  0.000000  1.000000  4.000000
 808  34.071140  -13.672463  0.234146  -0.972201  0.000000  0.000000  1.000000  4.000000
 809  24.131025  -3.065193  -0.953316  -0.301973  0.000000  0.000000  1.000000  4.000000
 810  -8.664567  24.258099  -0.982865  -0.184327  0.000000  0.000000  1.000000  4.000000
 811  2.721794  -4.638834  0.903280  0.429051  0.000000  0.000000  1.000000  4.000000
 812  -36.995935  8.726296  0.651645  -0.758524  0.000000  0.000000  1.000000  4.000000
 813  -21.472180  12.201668  -0.415557  0.909567  0.000000  0.000000  1.000000  4.000000
 814  -19.076090  21.197869  -0.260334  0.965519  0.000000  0.000000  1.000000  4.000000
 815  8.410466  31.753166  -0.823649  -0.567100  0.000000  0.000000  1.000000  4.000000
 816  18.828340  -27.718715  -0.814330  0.580402  0.000000  0.000000  1.000000  4.000000
 817  25.720427  13.382683  -0.517222  0.855851  0.000000  0.000000  1.000000  4.000000
 818  39.039765  -5.335590  0.683140  -0.730288  0.000000  0.000000  1.000000  4.000000
 819  6.728650  -13.853014  -0.983984  -0.178257  0.000000  0.000000  1.000000  4.000000
 820  -19.090007  -11.589214  -0.036000  0.999352  0.000000  0.000000  1.000000  4.000000
 821  16.088259  2.379002  0.876121  0.482091  0.000000  0.000000  1.000000  4.000000
 822  5.902161  31.273544  -0.320663  -0.947193  0.000000  0.000000  1.000000  4.000000
 823  -35.450382  -11.123205  -0.518509  -0.855072  0.000000  0.000000  1.000000  4.000000
 824  0.159467  6.549922  0.772476  0.635044  0.000000  0.000000  1.000000  4.000000
 825  6.722997  8.231808  -0.077541  -0.996989  0.000000  0.000000  1.000000  4.000000
 826  -8.753950  -31.985210  0.467351  0.884072  0.000000  0.000000  1.000000  4.000000
 827  11.088092  -27.341983  0.940349  -0.340210  0.000000  0.000000  1.000000  4.000000
 828  -5.909800  23.170254  -0.975842  -0.218477  0.000000  0.000000  1.000000  4.000000
 829  29.968510  17.616186  0.981886  0.189471  0.000000  0.000000  1.000000  4.000000
 830  -29.173586  0.765742  -0.429388  -0.903120  0.000000  0.000000  1.000000  4.000000
 831  -11.489493  19.664427  0.882182  -0.470908  0.000000  0.000000  1.000000  4.000000
 832  -6.802416  7.022043  0.853359  0.521324  0.000000  0.000000  1.000000  4.000000
 833  -34.767729  -19.181927  -0.062586  0.998040  0.000000  0.000000  1.000000  4.000000
 834  -11.985436  -37.902007  -0.397316  0.917682  0.000000  0.000000  1.000000  4.000000
 835  21.276028  -8.513989  0.824115  -0.566423  0.000000  0.000000  1.000000  4.000000
 836  -4.165492  -3.547769  0.387836  0.921728  0.000000  0.000000  1.000000  4.000000
 837  -34.665763  1.049118  -0.902313  -0.431081  0.000000  0.000000  1.000000  4.000000
 838  32.488954  -20.499669  0.383586  -0.923505  0.000000  0.000000  1.000000  4.000000
 839  23.280546  -22.931492  0.725586  0.688132  0.000000  0.000000  1.000000  4.000000
 840  18.522754  -19.437765  0.705044  -0.709163  0.000000  0.000000  1.000000  4.000000
 841  -27.497749  -21.908607  0.422963  -0.906147  0.000000  0.000000  1.000000  4.000000
 842  -8.741453  -20.799138  0.044696  -0.999001  0.000000  0.000000  1.000000  4.000000
 843  -15.165527  -25.479148  -0.885178  -0.465252  0.000000  0.000000  1.000000  4.000000
 844  27.905754  -16.859811  -0.160177  -0.987088  0.000000  0.000000  1.000000  4.000000
 845  -28.919468  26.040076  -0.148861  0.988858  0.000000  0.000000  1.000000  4.000000
 846  -30.868079  12.386728  -0.970689  0.240340  0.000000  0.000000  1.000000  4.000000
 847  -34.474646  13.374375  0.832255  0.554393  0.000000  0.000000  1.000000  4.000000
 848  7.859516  30.050225  0.422352  -0.906432  0.000000  0.000000  1.000000  4.000000
 849  -31.659137  -17.143938  0.938429  0.345473  0.000000  0.000000  1.000000  4.000000
 850  -21.442656  6.403723  0.811473  -0.584389  0.000000  0.000000  1.000000  4.000000
 851  -21.852420  25.161812  0.032850  0.999460  0.000000  0.000000  1.000000  4.000000
 852  27.095197  11.140135  0.480843  -0.876807  0.000000  0.000000  1.000000  4.000000
 853  -0.874026  -23.589361  0.818247  -0.574867  0.000000  0.000000  1.000000  4.000000
 854  27.145944  29.351378  0.974492  0.224421  0.000000  0.000000  1.000000  4.000000
 855  12.857422  -5.213031  0.851827  -0.523823  0.000000  0.000000  1.000000  4.000000
 856  -7.443868  31.751758  -0.955494  0.295011  0.000000  0.000000  1.000000  4.000000
 857  19.002232  31.217351  0.999294  0.037564  0.000000  0.000000  1.000000  4.000000
 858  14.840321  8.959994  0.158369  0.987380  0.000000  0.000000  1.000000  4.000000
 859  -24.602750  -29.671453  0.359498  0.933146  0.000000  0.000000  1.000000  4.000000
 860  38.537820  -2.343078  0.613327  0.789829  0.000000  0.000000  1.000000  4.000000
 861  -16.020862  27.085427  -0.166140  -0.986102  0.000000  0.000000  1.000000  4.000000
 862  -27.637634  13.480160  -0.838269  0.545258  0.000000  0.000000  1.000000  4.000000
 863  4.119271  -19.385230  -0.981928  -0.189257  0.000000  0.000000  1.000000  4.000000
 864  27.458957  0.270116  -0.983894  0.178753  0.000000  0.000000  1.000000  4.000000
 865  -3.647981  0.576578  0.492252  -0.870452  0.000000  0.000000  1.000000  4.000000
 866  6.805465  -36.920318  -0.312693  0.949854  0.000000  0.000000  1.000000  4.000000
 867  29.991639  0.919071  -0.953070  -0.302750  0.000000  0.000000  1.000000  4.000000
 868  -38.528166  -2.817856  -0.447252  -0.894408  0.000000  0.000000  1.000000  4.000000
 869  -4.899575  -22.064782  0.948859  -0.315700  0.000000  0.000000  1.000000  4.000000
 870  31.559697  17.098872  -0.370079  -0.929000  0.000000  0.000000  1.000000  4.000000
 871  -29.328978  -11.298724  0.110477  -0.993879  0.000000  0.000000  1.000000  4.000000
 872  24.972678  15.161316  -0.313640  0.949542  0.000000  0.000000  1.000000  4.000000
 873  3.223228  25.490527  -0.073630  -0.997286  0.000000  0.000000  1.000000  4.000000
 874  -15.832636  -10.504442  0.858422  -0.512944  0.000000  0.000000  1.000000  4.000000
 875  9.450770  -24.462393  0.697756  -0.716335  0.000000  0.000000  1.000000  4.000000
 876  -19.711647  33.749823  -0.706631  0.707583  0.000000  0.000000  1.000000  4.000000
 877  -26.398066  -4.756955  -0.934746  0.355318  0.000000  0.000000  1.000000  4.000000
 878  -18.660704  -1.128197  0.677711  -0.735329  0.000000  0.000000  1.000000  4.000000
 879  -6.684364  -38.255215  -0.329576  -0.944129  0.000000  0.000000  1.000000  4.000000
 880  -3.801621  37.054614  0.920306  0.391198  0.000000  0.000000  1.000000  4.000000
 881  -33.250894  -3.391305  0.948549  -0.316632  0.000000  0.000000  1.000000  4.000000
 882  -15.407771  -30.280298  0.877298  0.479947  0.000000  0.000000  1.000000  4.000000
 883  13.216109  22.744555  -0.541284  0.840840  0.000000  0.000000  1.000000  4.000000
 884  -2.978857  -8.497867  -0.506940  -0.861981  0.000000  0.000000  1.000000  4.000000
 885  -18.300713  19.257263  -0.999909  0.013500  0.000000  0.000000  1.000000  4.000000
 886  -8.759686  19.540342  0.898631  0.438706  0.000000  0.000000  1.000000  4.000000
 887  11.443668  18.606945  -0.668679  -0.743551  0.000000  0.000000  1.000000  4.000000
 888  -31.460478  -14.452393  0.691107  0.722753  0.000000  0.000000  1.000000  4.000000
 889  29.432761  21.821431  -0.463522  -0.886085  0.000000  0.000000  1.000000  4.000000
 890  -11.424559  -36.482181  0.465926  -0.884823  0.000000  0.000000  1.000000  4.000000
 891  25.615308  18.959061  0.647965  -0.761670  0.000000  0.000000  1.000000  4.000000
 892  7.085914  -9.228332  -0.990422  -0.138071  0.000000  0.000000  1.000000  4.000000
 893  -17.405841  29.194679  0.802028  -0.597287  0.000000  0.000000  1.000000  4.000000
 894  -10.194448  -28.901772  0.894237  -0.447593  0.000000  0.000000  1.000000  4.000000
 895  -6.040654  32.675966  0.807993  0.589192  0.000000  0.000000  1.000000  4.000000
 896  9.385810  18.120936  -0.087744  0.996143  0.000000  0.000000  1.000000  4.000000
 897  13.629833  2.321904  -0.984787  -0.173767  0.000000  0.000000  1.000000  4.000000
 898  2.859189  1.222949  0.511258  -0.859427  0.000000  0.000000  1.000000  4.000000
 899  -18.473202  10.271707  0.661927  0.749569  0.000000  0.000000  1.000000  4.000000
 900  -34.184621  14.929119  0.896816  0.442403  0.000000  0.000000  1.000000  4.000000
 901  -10.505245  -19.182280  0.600630  0.799527  0.000000  0.000000  1.000000  4.000000
 902  -9.734281  -4.018447  0.442825  0.896608  0.000000  0.000000  1.000000  4.000000
 903  -0.136443  4.471270  0.245280  -0.969452  0.000000  0.000000  1.000000  4.000000
 904  28.312847  25.262250  0.999533  0.030542  0.000000  0.000000  1.000000  4.000000
 905  1.584844  -34.857087  0.891410  0.453198  0.000000  0.000000  1.000000  4.000000
 906  21.993912  -0.986389  0.910285  -0.413983  0.000000  0.000000  1.000000  4.000000
 907  12.161367  34.532489  -0.263892  -0.964552  0.000000  0.000000  1.000000  4.000000
 908  14.291290  -2.666753  -0.813360  -0.581760  0.000000  0.000000  1.000000  4.000000
 909  14.341847  -12.000106  -0.482495  -0.875899  0.000000  0.000000  1.000000  4.000000
 910  31.859362  -10.691508  -0.995409  -0.095709  0.000000  0.000000  1.000000  4.000000
 911  20.055959  -6.036329  -0.989074  0.147418  0.000000  0.000000  1.000000  4.000000
 912  -21.173565  23.359024  0.323227  0.946321  0.000000  0.000000  1.000000  4.000000
 913  -19.540964  32.112369  0.981564  -0.191135  0.000000  0.000000  1.000000  4.000000
 914  16.088015  29.983745  0.997814  -0.066081  0.000000  0.000000  1.000000  4.000000
 915  -3.631676  -35.925506  -0.716000  0.698100  0.000000  0.000000  1.000000  4.000000
 916  7.621370  0.321132  0.917778  0.397095  0.000000  0.000000  1.000000  4.000000
 917  17.888144  12.718192  -0.957948  -0.286941  0.000000  0.000000  1.000000  4.000000
 918  37.810809  -6.216298  0.038035  0.999276  0.000000  0.000000  1.000000  4.000000
 919  13.029932  -14.087487  0.506182  0.862427  0.000000  0.000000  1.000000  4.000000
 920  30.632013  -14.650730  -0.710735  0.703460  0.000000  0.000000  1.000000  4.000000
 921  -8.943953  -7.768432  0.759767  0.650195  0.000000  0.000000  1.000000  4.000000
 922  -2.388909  -18.120274  0.873557  -0.486722  0.000000  0.000000  1.000000  4.000000
 923  -22.876663  -12.235010  -0.801470  -0.598035  0.000000  0.000000  1.000000  4.000000
 924  20.721733  -27.602955  0.244895  0.969550  0.000000  0.000000  1.000000  4.000000
 925  20.916930  15.489126  -0.237453  0.971399  0.000000  0.000000  1.000000  4.000000
 926  14.567346  15.105540  -0.773235  -0.634119  0.000000  0.000000  1.000000  4.000000
 927  -29.050523  -3.133929  -0.193639  0.981073  0.000000  0.000000  1.000000  4.000000
 928  -38.663265  6.749161  0.238450  -0.971155  0.000000  0.000000  1.000000  4.000000
 929  -12.013317  -23.534801  0.014807  0.999890  0.000000  0.000000  1.000000  4.000000
 930  -21.124971  -23.869941  0.756597  -0.653881  0.000000  0.000000  1.000000  4.000000
 931  -5.569703  -25.483216  -0.537363  -0.843351  0.000000  0.000000  1.000000  4.000000
 932  5.502744  35.522617  0.678905  0.734226  0.000000  0.000000  1.000000  4.000000
 933  -2.881848  17.488215  0.875420  0.483363  0.000000  0.000000  1.000000  4.000000
 934  -31.618320  -22.172331  -0.917888  0.396839  0.000000  0.000000  1.000000  4.000000
 935  16.087600  20.404691  -0.999602  0.028228  0.000000  0.000000  1.000000  4.000000
 936  -35.147594  11.340081  -0.900120  0.435643  0.000000  0.000000  1.000000  4.000000
 937  27.481389  13.221498  -0.755921  0.654663  0.000000  0.000000  1.000000  4.000000
 938  6.384581  -20.300384  0.022000  -0.999758  0.000000  0.000000  1.000000  4.000000
 939  28.390350  27.799151  -0.980059  -0.198707  0.000000  0.000000  1.000000  4.000000
 940  -25.975843  -14.376706  0.195758  0.980652  0.000000  0.000000  1.000000  4.000000
 941  31.585422  -7.622225  0.987258  -0.159130  0.000000  0.000000  1.000000  4.000000
 942  19.708616  21.656388  0.998607  0.052773  0.000000  0.000000  1.000000  4.000000
 943  18.703098  -32.920390  0.316356  -0.948641  0.000000  0.000000  1.000000  4.000000
 944  39.052955  2.169421  -0.416693  -0.909047  0.000000  0.000000  1.000000  4.000000
 945  -10.787420  24.375821  -0.060446  0.998171  0.000000  0.000000  1.000000  4.000000
 946  -27.538925  17.796009  0.998615  -0.052605  0.000000  0.000000  1.000000  4.000000
 947  21.316740  1.077691  -0.936877  0.349658  0.000000  0.000000  1.000000  4.000000
 948  -13.700488  9.457319  0.826339  0.563174  0.000000  0.000000  1.000000  4.000000
 949  -22.093388  -14.298120  0.989467  0.144759  0.000000  0.000000  1.000000  4.000000
 950  14.709273  28.913478  0.989480  -0.144670  0.000000  0.000000  1.000000  4.000000
 951  -1.124557  -31.914547  0.024517  0.999699  0.000000  0.000000  1.000000  4.000000
 952  11.826833  -31.364186  0.136687  -0.990614  0.000000  0.000000  1.000000  4.000000
 953  -33.732771  5.104988  -0.373269  0.927723  0.000000  0.000000  1.000000  4.000000
 954  -16.564724  3.711921  -0.396199  0.918165  0.000000  0.000000  1.000000  4.000000
 955  -5.713848  -5.410969  0.274257  -0.961656  0.000000  0.000000  1.000000  4.000000
 956  2.934348  -23.036177  0.705987  -0.708225  0.000000  0.000000  1.000000  4.000000
 957  17.493638  -5.878289  -0.697425  -0.716658  0.000000  0.000000  1.000000  4.000000
 958  -37.550109  -6.649225  -0.977826  -0.209418  0.000000  0.000000  1.000000  4.000000
 959  4.760494  14.263975  -0.026578  0.999647  0.000000  0.000000  1.000000  4.000000
 960  -0.056546  -28.893694  0.162027  0.986786  0.000000  0.000000  1.000000  4.000000
 961  9.048905  -29.458461  0.567475  -0.823391  0.000000  0.000000  1.000000  4.000000
 962  -9.282343  26.613030  -0.786940  0.617030  0.000000  0.000000  1.000000  4.000000
 963  36.871520  4.039431  0.678825  -0.734300  0.000000  0.000000  1.000000  4.000000
 964  35.550254  -6.709288  -0.018139  0.999835  0.000000  0.000000  1.000000  4.000000
 965  28.920896  -5.040829  -0.943278  -0.332004  0.000000  0.000000  1.000000  4.000000
 966  -31.850690  -3.949257  -0.092355  -0.995726  0.000000  0.000000  1.000000  4.000000
 967  4.802881  -35.418991  0.647788  0.761821  0.000000  0.000000  1.000000  4.000000
 968  -36.571769  1.504949  0.514435  0.857529  0.000000  0.000000  1.000000  4.000000
 969  19.042687  -2.012342  -0.960538  0.278150  0.000000  0.000000  1.000000  4.000000
 970  24.986355  22.221403  -0.012465  -0.999922  0.000000  0.000000  1.000000  4.000000
 971  -24.155727  -1.885266  0.141296  -0.989967  0.000000  0.000000  1.000000  4.000000
 972  -23.844786  22.655757  -0.996722  0.080909  0.000000  0.000000  1.000000  4.000000
 973  8.127678  -23.529202  0.274287  -0.961648  0.000000  0.000000  1.000000  4.000000
 974  -18.138939  13.600187  0.621339  -0.783542  0.000000  0.000000  1.000000  4.000000
 975  5.832242  17.190194  0.271058  -0.962563  0.000000  0.000000  1.000000  4.000000
 976  1.562092  31.571232  0.523941  0.851754  0.000000  0.000000  1.000000  4.000000
 977  1.560690  25.640859  -0.163879  0.986481  0.000000  0.000000  1.000000  4.000000
 978  -0.933969  -13.869165  0.517671  -0.855580  0.000000  0.000000  1.000000  4.000000
 979  14.760288  -4.353241  -0.059631  -0.998220  0.000000  0.000000  1.000000  4.000000
 980  -5.471542  37.340035  -0.056031  -0.998429  0.000000  0.000000  1.000000  4.000000
 981  24.499092  -12.011299  -0.999919  -0.012745  0.000000  0.000000  1.000000  4.000000
 982  -28.165279  8.661299  0.747757  -0.663973  0.000000  0.000000  1.000000  4.000000
 983  23.505069  -10.752626  -0.373288  0.927715  0.000000  0.000000  1.000000  4.000000
 984  -20.603835  -27.157759  0.439285  -0.898348  0.000000  0.000000  1.000000  4.000000
 985  16.763499  -16.273162  -0.949279  -0.314435  0.000000  0.000000  1.000000  4.000000
 986  -3.812208  -6.564534  -0.753795  0.657109  0.000000  0.000000  1.000000  4.000000
 987  13.432515  0.736456  -0.221858  0.975079  0.000000  0.000000  1.000000  4.000000
 988  2.282744  11.551871  -0.135513  -0.990776  0.000000  0.000000  1.000000  4.000000
 989  -22.607973  -24.578004  0.787985  -0.615694  0.000000  0.000000  1.000000  4.000000
 990  24.007218  8.801079  -0.361182  -0.932495  0.000000  0.000000  1.000000  4.000000
 991  -0.946193  30.774920  0.217229  0.976121  0.000000  0.000000  1.000000  4.000000
 992  13.863378  -31.756031  0.198530  0.980095  0.000000  0.000000  1.000000  4.000000
 993  12.740237  -23.077661  -0.389788  -0.920905  0.000000  0.000000  1.000000  4.000000
 994  0.825649  -31.573516  0.542334  0.840163  0.000000  0.000000  1.000000  4.000000
 995  -3.354374  -28.883800  0.863208  0.504848  0.000000  0.000000  1.000000  4.000000
 996  18.807250  14.465607  0.569544  -0.821961  0.000000  0.000000  1.000000  4.000000
 997  33.982779  11.323276  -0.108668  -0.994078  0.000000  0.000000  1.000000  4.000000
 998  -3.542221  14.846650  -0.770390  0.637572  0.000000  0.000000  1.000000  4.000000
 999  1.678024  -16.816466  0.269988  0.962864  0.000000  0.000000  1.000000  4.000000
