# Total of 316 particles
# Generated on : 2016-10-09 18:08:32.962659
keys: id  type radius  x   y   z   vx   vy   vz   nx   ny   nz
0  1  0.50 -6.558110  5.026877  5.632202  -0.502483  -0.847451  0.171282  -0.702893  -0.134411  -0.698481
1  1  0.50 -9.674719  -1.200317  -2.226894  0.147746  -0.982637  -0.112232  -0.109909  0.992286  -0.057352
2  1  0.50 -1.041030  2.608000  -9.597635  0.711971  0.693352  0.111181  -0.966732  0.200171  0.159252
3  1  0.50 -1.304628  -8.452370  5.182218  0.966134  0.008987  0.257883  0.990281  -0.136496  0.026674
4  1  0.50 7.783488  6.093085  -1.513815  -0.364541  0.634911  0.681174  -0.023240  0.268914  0.962884
5  1  0.50 -0.711977  0.091557  -9.974202  -0.177532  0.983876  0.021704  -0.288838  0.956926  0.029402
6  1  0.50 -3.029910  -8.213096  -4.833704  0.606503  -0.557420  0.566954  0.524317  -0.567211  0.635109
7  1  0.50 8.560139  -4.811935  1.889259  -0.253570  -0.072362  0.964607  0.455167  0.874826  0.165837
8  1  0.50 -6.102758  -6.927196  -3.843214  0.536517  -0.718356  0.442847  0.381767  0.167915  -0.908878
9  1  0.50 -9.176386  -3.763324  -1.277234  -0.077503  0.484676  -0.871253  -0.369963  0.691554  0.620387
10  1  0.50 -2.781765  -9.238027  -2.630711  -0.881036  0.354495  -0.313224  0.626129  -0.382093  0.679682
11  1  0.50 5.205931  3.489743  7.792303  0.813738  -0.479096  -0.329087  -0.822645  -0.039297  0.567196
12  1  0.50 4.223682  8.905721  -1.687793  -0.890143  0.442661  0.108151  0.881283  -0.447022  -0.153334
13  1  0.50 -2.207078  -2.606539  9.398657  0.273888  0.908292  0.316214  -0.781104  -0.529843  -0.330368
14  1  0.50 0.615824  9.965427  0.557699  0.280245  -0.070892  0.957307  -0.673647  0.000269  0.739053
15  1  0.50 6.719094  6.127543  -4.160167  0.735849  -0.488560  0.468867  0.131212  0.454335  0.881115
16  1  0.50 -4.236916  -4.071245  8.091570  0.045803  -0.901787  -0.429747  -0.275572  -0.793022  -0.543301
17  1  0.50 0.611090  -6.491346  -7.582150  0.259904  -0.723081  0.640003  -0.251627  -0.745119  0.617642
18  1  0.50 1.230828  2.521699  -9.598234  0.252655  0.927345  0.276036  0.989926  0.036999  0.136664
19  1  0.50 -6.273124  4.540117  6.327342  0.624466  0.778716  0.060356  0.602028  -0.232675  0.763823
20  1  0.50 4.397668  8.788619  -1.849514  0.709214  -0.213482  0.671893  0.683735  -0.461146  -0.565554
21  1  0.50 3.232555  -1.023218  9.407636  0.578296  0.808269  -0.110797  0.917585  0.276981  -0.285165
22  1  0.50 -8.846886  3.938932  -2.493477  -0.228264  -0.832377  -0.505018  -0.422830  -0.452745  0.785007
23  1  0.50 -3.663471  4.481553  8.154426  -0.726419  -0.685406  0.050337  -0.156196  0.834314  -0.528700
24  1  0.50 5.134070  8.549590  -0.738806  -0.785486  0.502862  0.360751  -0.084936  -0.035044  -0.995770
25  1  0.50 2.316546  -6.554256  7.188556  0.969688  0.214625  -0.116800  -0.609173  0.478396  0.632492
26  1  0.50 -2.242087  -9.688127  -1.055098  0.275227  -0.166807  0.946798  -0.778138  0.112790  0.617883
27  1  0.50 -9.035744  2.038456  3.768293  -0.376384  -0.797863  -0.470903  -0.403937  -0.698478  -0.590732
28  1  0.50 -0.153289  3.768338  9.261541  -0.499357  0.799594  -0.333604  0.516668  0.796004  -0.315327
29  1  0.50 -5.989569  -4.235846  -6.795783  0.383757  0.593014  -0.707859  0.023475  -0.857567  0.513836
30  1  0.50 -9.583807  2.620110  -1.133875  0.132055  0.758959  0.637607  -0.074569  0.153645  0.985308
31  1  0.50 -7.747636  6.227534  1.091769  -0.120251  0.024385  -0.992444  -0.565521  -0.759797  0.320774
32  1  0.50 3.383902  2.444377  -9.087036  0.395189  -0.913302  -0.098511  -0.686244  -0.596638  -0.416042
33  1  0.50 1.528682  -5.395306  8.279723  -0.197641  0.804203  0.560532  0.309365  -0.769584  -0.558601
34  1  0.50 8.204692  2.020109  -5.348101  0.316032  -0.939822  0.129841  0.074781  -0.965374  -0.249922
35  1  0.50 8.976915  4.305312  0.937702  0.358257  -0.837057  0.413507  -0.289878  0.737319  -0.610189
36  1  0.50 7.517092  -1.800879  -6.344301  0.251752  0.967503  0.023657  0.056950  -0.940675  0.334495
37  1  0.50 -5.620442  7.047932  -4.328658  -0.761465  -0.645246  -0.061885  -0.704759  -0.682013  -0.195379
38  1  0.50 5.376720  -8.207248  -1.931830  0.165418  -0.121987  0.978650  -0.482180  -0.111346  -0.868968
39  1  0.50 3.509745  0.043238  9.363750  0.198930  0.976818  -0.079074  -0.541359  0.816868  0.199142
40  1  0.50 -0.405242  7.902736  6.114127  -0.398393  -0.573950  0.715447  0.949714  0.220611  -0.222201
41  1  0.50 5.232300  8.059169  2.769987  0.852025  -0.501144  -0.151355  -0.585609  0.576168  -0.570169
42  1  0.50 -7.650697  -6.434920  -0.242142  0.516184  -0.590359  -0.620508  -0.068601  0.044059  0.996671
43  1  0.50 -6.657987  2.227909  7.120929  0.558283  -0.484414  0.673546  -0.477970  -0.860199  -0.177768
44  1  0.50 5.826424  1.287468  -8.024662  0.749343  -0.467380  0.469085  -0.780497  0.363944  -0.508301
45  1  0.50 8.881676  -4.042520  2.184918  0.182691  0.746926  0.639317  0.408579  0.912321  0.027100
46  1  0.50 -6.869231  -7.202431  -0.968843  -0.216924  0.330449  -0.918557  -0.176908  0.295031  -0.938968
47  1  0.50 -1.973677  9.792101  0.468353  -0.951138  -0.202844  0.232788  0.277630  0.101650  -0.955295
48  1  0.50 -2.949621  -5.871986  7.537872  -0.356135  -0.664481  -0.656988  0.915559  -0.399414  0.047122
49  1  0.50 2.561475  -9.114464  3.219533  0.550439  0.411323  0.726519  0.206779  -0.273690  -0.939328
50  1  0.50 -9.989070  0.452451  0.117317  0.026186  0.333811  0.942276  -0.006857  0.106426  -0.994297
51  1  0.50 -6.223326  7.465999  2.351398  -0.432869  -0.578547  0.691309  0.694812  0.665240  -0.273299
52  1  0.50 3.330271  7.124219  6.176958  -0.572768  -0.367536  0.732704  -0.613478  0.661187  -0.431829
53  1  0.50 -2.904527  1.327816  -9.476319  -0.334950  -0.941780  -0.029298  0.914493  -0.252996  -0.315745
54  1  0.50 -1.046991  -7.161391  6.900600  0.588339  -0.604030  -0.537592  0.568374  -0.612475  -0.549386
55  1  0.50 -7.625530  5.985300  2.455092  -0.519241  -0.792625  0.319584  -0.252043  0.074648  -0.964833
56  1  0.50 8.967977  -4.354176  0.785196  -0.403547  -0.732220  0.548637  -0.426196  -0.802511  0.417532
57  1  0.50 -3.770785  4.457250  8.118750  -0.227144  -0.894318  0.385489  -0.390713  0.718213  -0.575772
58  1  0.50 7.841067  -3.303655  5.253907  -0.148140  -0.921708  -0.358481  -0.620242  -0.446896  0.644657
59  1  0.50 3.774700  1.902368  9.062706  0.884151  -0.364997  -0.291640  0.886476  -0.357180  -0.294249
60  1  0.50 -2.341624  -9.589373  1.600225  0.942798  -0.183812  0.278108  -0.768972  0.081976  -0.634004
61  1  0.50 -1.863680  -4.320968  8.823601  -0.927776  0.372898  -0.013350  -0.145955  -0.875953  -0.459787
62  1  0.50 -0.187381  -6.330095  7.739172  -0.130669  -0.765864  -0.629586  -0.838407  -0.411770  -0.357098
63  1  0.50 -3.388301  -7.198176  -6.058521  -0.075533  -0.621053  0.780121  -0.602476  -0.328600  0.727355
64  1  0.50 4.036009  -8.899153  2.125018  -0.513591  -0.412576  -0.752333  0.151623  -0.163992  -0.974740
65  1  0.50 6.546285  6.197496  -4.328648  0.009217  0.566023  0.824338  0.238037  -0.712474  -0.660090
66  1  0.50 -3.640973  -9.313504  -0.044207  0.017212  -0.001983  -0.999850  0.721982  -0.285240  0.630380
67  1  0.50 6.619928  6.386207  3.923380  -0.205302  -0.348937  0.914382  -0.739624  0.641350  0.204025
68  1  0.50 4.905093  -1.751950  8.536435  0.841411  0.350138  -0.411621  -0.695666  -0.668688  0.262498
69  1  0.50 2.676974  -9.623193  -0.477460  0.645460  0.215904  -0.732644  0.552182  0.193838  -0.810877
70  1  0.50 -2.534599  -9.647289  0.711076  0.079072  -0.093924  -0.992434  0.260337  -0.138824  -0.955485
71  1  0.50 -4.040967  8.095112  4.259078  -0.409745  -0.576485  0.706947  -0.567987  0.142915  -0.810534
72  1  0.50 -4.280695  -5.915384  6.832561  -0.480137  -0.491648  -0.726464  -0.884761  0.120155  -0.450290
73  1  0.50 -4.985764  0.492092  8.654479  -0.047979  0.995290  -0.084232  -0.490063  -0.839528  -0.234585
74  1  0.50 -4.775780  -7.180389  5.062997  -0.443193  0.694460  0.566838  0.847615  -0.528211  0.050417
75  1  0.50 5.350078  1.437334  8.325307  0.013720  -0.986770  0.161546  -0.226111  -0.925114  0.305023
76  1  0.50 5.794198  6.114483  -5.388911  0.352538  0.408115  0.842116  -0.813597  0.473107  -0.337979
77  1  0.50 0.172175  9.310756  -3.644198  0.346879  -0.347399  -0.871200  0.468020  -0.329584  -0.819958
78  1  0.50 7.391068  3.847626  5.528822  -0.317298  0.922906  -0.218098  -0.274746  -0.577216  0.768984
79  1  0.50 1.448995  5.972306  7.888725  -0.141227  0.801607  -0.580931  0.709785  -0.618217  0.337660
80  1  0.50 -7.886428  -5.764340  2.139306  0.614098  -0.755680  0.227664  0.199521  0.089184  0.975827
81  1  0.50 9.398877  1.024373  -3.257573  -0.079154  -0.862613  -0.499634  0.334937  -0.090638  0.937871
82  1  0.50 1.954079  -1.926302  -9.616181  -0.890032  0.376979  -0.256377  -0.723185  -0.690600  -0.008616
83  1  0.50 9.086614  -3.320246  2.531683  0.268220  -0.000512  -0.963357  0.416090  0.669688  -0.615132
84  1  0.50 -7.358132  6.480944  -1.963479  -0.289459  -0.563133  -0.774012  0.670200  0.655405  -0.348248
85  1  0.50 -1.703853  -8.650548  -4.718570  0.160453  0.448111  -0.879461  -0.851282  -0.111948  0.512628
86  1  0.50 4.375455  3.213832  8.398016  0.566576  0.626693  -0.535021  -0.616578  -0.572574  0.540362
87  1  0.50 7.731027  5.946912  2.205780  0.315050  -0.661864  0.680206  0.478740  -0.775223  0.412112
88  1  0.50 -1.307403  -6.685365  -7.320969  0.436848  0.624038  -0.647873  -0.924686  0.348562  -0.153166
89  1  0.50 -8.923068  2.873446  3.481690  -0.296733  -0.954569  0.027323  0.414713  0.826452  0.380775
90  1  0.50 9.950869  -0.391589  -0.909322  0.014778  -0.849422  0.527507  -0.035178  -0.998369  0.044975
91  1  0.50 -7.035661  1.097550  7.021030  -0.710471  -0.129516  -0.691705  0.420448  0.860809  0.286760
92  1  0.50 3.609185  -3.951966  -8.447233  0.911819  0.339671  0.230674  0.740859  0.671657  0.002312
93  1  0.50 9.314472  1.097048  3.469451  0.350434  -0.527214  -0.774107  -0.227505  0.919706  0.319973
94  1  0.50 -6.420156  3.697143  6.716601  0.181732  0.924468  -0.335160  -0.519258  -0.854218  -0.026137
95  1  0.50 -5.029691  8.410763  1.990296  0.858627  0.512587  0.003709  0.834687  0.412914  0.364417
96  1  0.50 -0.520918  -2.329316  9.710970  0.998501  0.004234  0.054578  -0.457298  -0.858909  -0.230552
97  1  0.50 3.509737  5.777083  7.369332  -0.759368  -0.284876  0.584983  -0.810547  0.581497  -0.069823
98  1  0.50 -2.337970  -4.454531  8.642399  -0.516633  -0.696091  -0.498546  -0.867259  0.497381  0.021750
99  1  0.50 2.686223  9.000077  3.432611  -0.444817  0.431990  -0.784553  -0.415900  -0.213061  0.884099
100  1  0.50 -4.469485  8.221354  3.526053  0.893276  0.431283  0.126701  0.261824  0.497129  -0.827231
101  1  0.50 0.008224  -7.237107  -6.901030  -0.952006  0.210658  -0.222052  -0.691901  0.497837  -0.522906
102  1  0.50 6.850700  7.275924  0.358943  0.724068  -0.674683  -0.143279  -0.352724  0.374415  -0.857554
103  1  0.50 -6.361089  4.842227  -6.007444  0.315809  -0.546983  -0.775290  0.080555  -0.732640  -0.675832
104  1  0.50 -6.746932  4.635908  -5.743455  0.717224  0.595534  -0.361842  0.273760  -0.565465  -0.778013
105  1  0.50 2.306810  -5.204887  8.221179  -0.159588  0.813226  0.559639  0.828450  -0.338089  -0.446505
106  1  0.50 -2.994205  -9.122196  -2.796475  -0.866335  0.137130  0.480269  0.554454  0.072170  -0.829079
107  1  0.50 6.226446  -7.638033  -1.700534  0.716438  0.469054  0.516434  -0.696774  -0.442275  -0.564712
108  1  0.50 -1.496438  1.093584  9.826736  0.036633  0.993795  -0.105017  -0.273741  0.950433  -0.147456
109  1  0.50 -3.716689  -8.939541  -2.504162  -0.887575  0.263089  0.378147  0.915812  -0.397261  0.058918
110  1  0.50 -4.732638  5.536044  6.852325  -0.656908  0.296483  -0.693232  -0.649627  -0.744703  0.152979
111  1  0.50 -4.797513  -4.011590  -7.803269  0.407203  0.685980  -0.603007  -0.312441  -0.752951  0.579177
112  1  0.50 -6.999156  -4.015810  -5.906359  -0.559097  0.822654  0.103208  0.572408  -0.809980  -0.127599
113  1  0.50 7.778712  -2.641252  -5.702231  0.268883  0.960019  -0.077880  0.244779  0.963068  -0.112174
114  1  0.50 8.946395  1.003162  4.353812  -0.061634  -0.937441  0.342644  -0.438573  0.383188  0.812908
115  1  0.50 4.486492  8.828369  1.389707  0.875393  -0.402790  -0.267297  0.751967  -0.456936  0.475137
116  1  0.50 2.662462  4.171767  8.689514  0.909898  -0.406293  -0.083734  0.167973  0.867617  -0.468003
117  1  0.50 6.008917  -2.578200  -7.566096  0.593553  0.777900  0.206319  0.299056  -0.805298  0.511918
118  1  0.50 5.166649  -4.042016  7.547705  -0.486147  0.587162  0.647226  -0.094960  -0.903162  -0.418667
119  1  0.50 -4.310348  -7.595530  -4.871225  0.452942  0.284778  -0.844834  -0.895031  0.291343  0.337696
120  1  0.50 -8.430129  4.442671  3.032424  0.497240  0.428649  0.754329  -0.062781  0.478639  -0.875765
121  1  0.50 1.524014  -0.873009  -9.844554  0.983879  -0.080904  0.159487  -0.605527  0.778991  -0.162821
122  1  0.50 1.177972  9.264760  3.574438  0.477180  0.262859  -0.838573  -0.676597  -0.188591  0.711793
123  1  0.50 6.062588  -6.120253  5.078142  0.790983  0.397862  -0.464813  0.664751  0.740498  0.098840
124  1  0.50 3.393997  -7.282937  -5.953118  0.770822  -0.147383  0.619768  -0.923922  -0.376906  -0.065647
125  1  0.50 8.843605  -4.341351  1.715613  0.175416  0.649653  0.739716  0.461506  0.757915  -0.461060
126  1  0.50 -8.135047  -2.416444  -5.289783  0.573802  -0.481573  -0.662449  -0.388695  -0.450657  0.803632
127  1  0.50 -1.250668  -6.777981  7.245329  -0.033574  -0.726957  -0.685862  -0.989474  0.031627  -0.141213
128  1  0.50 9.650508  2.487458  0.824776  -0.144074  0.240698  0.959847  0.251710  -0.792237  -0.555880
129  1  0.50 -3.330395  -0.144643  9.428019  0.792878  -0.545452  0.271711  -0.525362  -0.827454  -0.198276
130  1  0.50 0.396205  2.656989  -9.632416  0.999148  -0.021703  0.035111  -0.947850  0.315093  0.047927
131  1  0.50 -9.632916  -0.052533  2.684057  -0.004766  0.999986  0.002467  0.058471  0.971700  0.228866
132  1  0.50 8.475429  -4.665565  -2.529744  -0.320849  -0.070737  -0.944485  0.393459  0.872250  -0.290465
133  1  0.50 -3.555402  0.967031  -9.296449  0.505458  -0.816748  -0.278271  -0.905561  0.210616  0.368238
134  1  0.50 -3.381437  -2.583447  -9.049402  0.387883  -0.914368  0.116098  -0.198498  -0.920371  0.336922
135  1  0.50 -2.043429  -7.720542  6.018108  -0.872244  -0.135454  -0.469939  -0.727279  -0.291761  -0.621241
136  1  0.50 -2.139779  9.667672  -1.399096  0.756527  0.073402  -0.649830  -0.958566  -0.180237  0.220605
137  1  0.50 8.813899  2.309031  4.121112  -0.353164  -0.257303  0.899483  -0.266776  -0.476664  0.837629
138  1  0.50 6.595397  3.145044  -6.827111  -0.625068  -0.274984  -0.730530  -0.246218  0.948543  0.199104
139  1  0.50 -8.757104  4.179324  2.417929  -0.296686  -0.860845  0.413429  -0.460989  -0.574766  -0.676116
140  1  0.50 7.029751  -3.791455  6.017264  0.611784  -0.109095  -0.783466  0.684032  0.128761  -0.717998
141  1  0.50 8.440351  -4.033720  3.534059  -0.150461  -0.810631  -0.565896  0.079807  -0.557174  -0.826552
142  1  0.50 4.153376  -6.865137  5.968196  -0.636278  -0.688131  -0.348750  0.657220  -0.227147  -0.718656
143  1  0.50 5.877588  -2.882531  -7.559430  -0.736459  0.196172  -0.647413  -0.012722  0.930966  -0.364884
144  1  0.50 -3.033153  -3.767429  -8.752512  0.899715  -0.415777  -0.132826  -0.902213  -0.182011  0.391004
145  1  0.50 5.688614  0.884223  -8.176663  0.148625  0.966782  0.207948  0.205141  -0.978035  0.036955
146  1  0.50 -9.108186  -1.605689  3.802987  0.203391  0.627116  0.751903  -0.379946  -0.034116  -0.924379
147  1  0.50 7.479443  -2.785222  -6.024987  -0.645543  -0.516439  -0.562641  -0.409326  -0.908101  -0.088344
148  1  0.50 -6.743731  -6.418414  3.650486  0.645805  -0.752382  -0.129835  -0.737020  0.554998  -0.385719
149  1  0.50 7.977637  3.882624  4.613300  -0.528767  0.818186  0.225782  0.468819  -0.880545  -0.069634
150  1  0.50 -6.508396  -2.185684  7.270733  0.718956  -0.485143  0.497733  -0.758484  0.145162  -0.635319
151  1  0.50 3.187436  9.427745  -0.978709  -0.910262  0.275684  -0.308903  0.789948  -0.321291  -0.522259
152  1  0.50 2.373796  9.606744  -1.440683  0.614966  -0.033809  0.787829  -0.617745  0.263742  0.740832
153  1  0.50 -2.866595  2.084518  -9.350798  0.784537  -0.509103  -0.354000  0.733856  -0.579658  -0.354192
154  1  0.50 3.381040  -6.939943  -6.356553  -0.778973  0.172644  -0.602823  -0.057884  -0.689488  0.721980
155  1  0.50 3.637509  5.434922  7.565061  -0.553542  0.779309  -0.293715  0.782692  -0.618670  0.068126
156  1  0.50 -2.811729  -9.436256  1.746783  -0.950786  0.249227  -0.184097  0.479964  0.019343  0.877075
157  1  0.50 3.343166  -7.246655  -6.025714  0.757490  0.587017  -0.285691  0.066003  -0.619787  0.781989
158  1  0.50 -7.028805  5.536584  4.465661  0.003029  0.630134  -0.776481  -0.701002  -0.645657  -0.302860
159  1  0.50 -8.035263  5.734626  1.596441  -0.575023  -0.817112  0.040946  0.394433  0.713785  -0.578735
160  1  0.50 0.951110  -9.575747  -2.720377  -0.568778  0.172002  -0.804306  -0.413462  0.210590  -0.885833
161  1  0.50 8.988083  -3.312589  -2.870736  -0.436406  -0.737725  -0.515084  0.298693  -0.016482  0.954207
162  1  0.50 -1.505789  -4.353442  -8.875818  -0.462336  -0.762575  0.452466  -0.280757  -0.842020  0.460628
163  1  0.50 5.278855  -7.960286  2.961003  0.507620  0.016200  -0.861429  -0.654492  -0.159085  0.739143
164  1  0.50 0.485386  -5.753068  8.164963  0.314211  -0.767163  -0.559225  -0.423658  0.728423  0.538436
165  1  0.50 -6.188918  1.085408  -7.779408  0.125331  0.991363  0.038611  0.575356  -0.611600  -0.543057
166  1  0.50 -1.514587  -6.548002  7.404708  0.889052  0.237171  0.391581  -0.158728  -0.723280  -0.672065
167  1  0.50 -8.909101  4.065491  -2.024773  0.436214  0.890080  -0.132192  -0.045033  0.364540  0.930098
168  1  0.50 6.140289  -7.886331  0.320371  -0.674398  -0.503132  0.540413  0.715480  0.539016  -0.444467
169  1  0.50 -8.911341  4.375988  -1.199475  -0.281340  -0.325486  0.902722  0.179014  0.581981  0.793254
170  1  0.50 5.744971  7.621592  -2.984400  -0.817567  0.551796  -0.164636  0.392485  0.063448  0.917567
171  1  0.50 2.207982  -0.379282  -9.745818  0.055214  -0.997155  0.051316  -0.412413  -0.909145  -0.058053
172  1  0.50 9.731632  -1.783168  1.454525  -0.151723  -0.021976  0.988179  0.158645  0.062028  -0.985385
173  1  0.50 -3.536492  -5.750297  7.377486  -0.676017  -0.387988  -0.626471  -0.613183  -0.453083  -0.647087
174  1  0.50 -5.793357  2.520684  -7.751333  0.592462  0.783338  -0.188070  0.346743  -0.784424  -0.514246
175  1  0.50 1.534231  -6.471903  7.467302  -0.949687  0.112237  0.292399  -0.512426  -0.698240  -0.499881
176  1  0.50 -7.011848  -6.875650  -1.886643  -0.619251  0.718446  -0.316802  -0.240536  0.477225  -0.845221
177  1  0.50 7.159122  5.360587  -4.473374  0.196528  -0.769525  -0.607625  -0.228343  0.785243  0.575546
178  1  0.50 7.682380  6.307657  1.092932  -0.368206  0.295724  0.881460  -0.296597  0.502007  -0.812416
179  1  0.50 -8.674958  0.402975  4.958096  -0.493663  0.052923  -0.868041  0.323997  -0.710535  0.624633
180  1  0.50 -7.560271  -0.306791  6.538210  0.487343  -0.693209  0.530997  0.147556  -0.981176  0.124583
181  1  0.50 -8.697771  -4.906997  0.519763  -0.306683  0.455053  -0.835985  -0.242179  0.516280  0.821464
182  1  0.50 1.630264  -9.668505  -1.965262  0.943797  0.094776  0.316647  0.142568  -0.174015  0.974368
183  1  0.50 4.046471  7.417979  5.347866  0.873310  -0.139984  -0.466620  -0.019582  0.591698  -0.805922
184  1  0.50 4.301253  -5.298329  -7.309373  -0.755433  -0.654543  0.029917  -0.261397  -0.848072  0.460919
185  1  0.50 4.700186  -1.107642  8.756791  0.416359  -0.846960  -0.330611  -0.685910  0.578570  0.441344
186  1  0.50 -9.755506  1.881899  1.135147  -0.187840  -0.445832  -0.875186  0.175430  0.977918  -0.113583
187  1  0.50 -7.832956  6.096661  1.214709  0.181501  0.411175  -0.893304  -0.052801  0.129446  -0.990180
188  1  0.50 5.785954  0.279237  8.151366  0.622315  -0.661133  -0.419080  -0.403662  0.878235  0.256440
189  1  0.50 2.118827  2.775428  -9.370569  -0.800906  0.598779  -0.003747  -0.242724  -0.913839  -0.325550
190  1  0.50 6.708409  -0.483124  7.400260  -0.450463  0.766148  0.458367  -0.019138  0.996416  0.082400
191  1  0.50 6.230725  7.504997  -2.202972  -0.204524  0.428180  0.880246  -0.732711  0.658608  0.171374
192  1  0.50 9.384576  2.297627  -2.578884  -0.237215  -0.113952  -0.964751  -0.252748  -0.052055  -0.966131
193  1  0.50 6.814694  -1.527884  -7.157200  -0.463913  0.666193  -0.583928  0.456484  0.853146  0.252514
194  1  0.50 -3.250896  -9.451668  0.312477  -0.505756  0.145845  -0.850259  0.557575  -0.164880  0.813588
195  1  0.50 -3.495181  3.206981  8.803351  -0.787464  0.408573  -0.461485  -0.656649  0.586373  -0.474319
196  1  0.50 -1.773414  -9.441992  -2.775571  -0.794377  0.303820  -0.525983  0.636674  0.104990  -0.763952
197  1  0.50 1.328372  -9.267657  -3.513682  -0.712996  0.156899  -0.683388  -0.806093  -0.307289  0.505755
198  1  0.50 -4.185916  -8.437093  3.360590  -0.365682  0.495299  0.788007  0.290271  0.226335  0.929793
199  1  0.50 -3.573990  -4.055969  8.412830  -0.734013  0.678958  0.015510  -0.731412  0.681700  0.017936
200  1  0.50 9.560149  1.352577  -2.602707  -0.293317  0.442903  -0.847232  -0.023309  -0.849493  -0.527084
201  1  0.50 8.262565  -1.668386  5.380195  0.377376  0.873051  -0.308819  -0.396958  0.505203  0.766286
202  1  0.50 -3.860449  -2.025553  -8.999670  0.320115  0.885556  -0.336627  -0.463281  0.886211  -0.000733
203  1  0.50 -9.162407  3.848481  1.113329  -0.084217  0.086668  -0.992671  -0.215920  -0.708443  0.671928
204  1  0.50 8.208702  -5.697825  0.389887  0.568820  0.821778  0.033535  0.161790  0.166529  -0.972673
205  1  0.50 -4.672804  -0.288724  -8.836376  -0.588721  -0.735489  0.335356  -0.254975  -0.952599  0.165960
206  1  0.50 -3.520596  -7.603252  5.458567  0.235564  0.492445  0.837859  0.747384  -0.579439  -0.325064
207  1  0.50 4.635901  7.256675  5.084200  0.319882  -0.672177  0.667722  -0.817568  0.571529  -0.070265
208  1  0.50 4.792882  6.153432  -6.258079  -0.477643  0.781081  0.402206  -0.752865  -0.078221  -0.653510
209  1  0.50 -0.448623  -7.362737  -6.751951  0.350255  0.621380  -0.700863  0.260558  -0.661106  0.703597
210  1  0.50 1.636798  4.213536  8.920034  0.005915  -0.904601  0.426219  -0.921799  -0.256773  0.290438
211  1  0.50 -4.691013  8.812181  0.582980  -0.436279  -0.288628  0.852264  0.880905  0.471589  -0.040126
212  1  0.50 2.921842  3.078147  -9.054714  -0.944500  -0.055779  -0.323740  0.863810  -0.491272  0.111733
213  1  0.50 -4.037056  -6.613850  -6.321327  -0.865244  0.051498  0.498699  0.289386  -0.747777  0.597567
214  1  0.50 0.311391  2.633399  9.642004  0.477805  -0.851229  0.217054  -0.991526  -0.113589  0.063045
215  1  0.50 9.011036  -3.399204  2.691959  -0.433576  -0.713464  0.550437  -0.337803  -0.939570  -0.055659
216  1  0.50 -1.607003  -5.788612  7.994343  -0.909724  0.401049  0.107525  -0.897445  0.422822  0.125758
217  1  0.50 5.285047  -6.221204  -5.776236  0.495709  0.778521  -0.384939  0.576263  0.762542  -0.294024
218  1  0.50 7.816073  -5.741881  2.437170  0.128976  -0.233507  -0.963763  0.208367  -0.127934  -0.969647
219  1  0.50 8.501533  2.407372  4.682787  -0.323197  -0.463511  0.825046  0.294830  0.519213  -0.802181
220  1  0.50 -7.606571  -2.738088  5.885826  -0.547795  -0.215754  -0.808314  -0.151471  -0.806800  -0.571078
221  1  0.50 2.024345  -6.345538  7.458966  -0.681516  -0.638250  -0.358014  -0.432544  0.625406  0.649441
222  1  0.50 -6.215147  -5.199406  5.859874  -0.017260  0.756909  0.653292  0.461451  0.361492  0.810177
223  1  0.50 6.082329  -6.714121  -4.233893  -0.423009  0.177165  -0.888637  0.525598  -0.059036  0.848683
224  1  0.50 7.676011  6.116185  -1.916024  -0.616962  0.786093  0.037621  0.437134  -0.280964  0.854385
225  1  0.50 5.394169  -8.096990  -2.311212  -0.666736  -0.243070  -0.704542  -0.812361  -0.428188  -0.395886
226  1  0.50 3.750593  8.908773  -2.562580  0.260190  -0.366494  -0.893299  -0.347897  -0.120960  -0.929697
227  1  0.50 5.027613  0.801105  -8.607052  -0.307355  -0.914065  -0.264611  -0.846819  0.245579  -0.471793
228  1  0.50 8.793293  4.580124  1.304020  0.075792  -0.404941  0.911196  -0.111707  -0.067808  0.991425
229  1  0.50 3.392378  -9.404427  0.220289  0.373520  0.156155  0.914384  -0.890676  -0.313575  0.329190
230  1  0.50 -4.564211  8.024926  -3.842985  -0.873395  -0.486547  0.021300  -0.319987  -0.551057  -0.770678
231  1  0.50 2.506049  1.045718  9.624250  0.148568  -0.986526  0.068505  -0.634880  -0.732759  0.244933
232  1  0.50 9.692900  -1.619054  -1.851042  -0.230084  -0.331305  -0.915040  0.223114  0.262399  0.938811
233  1  0.50 8.089277  5.776274  1.094650  -0.587790  0.790898  0.170243  0.466272  -0.743753  0.478979
234  1  0.50 -3.876665  8.919912  -2.325220  -0.106187  -0.293782  -0.949956  0.160298  -0.183170  -0.969924
235  1  0.50 -9.443390  1.917234  2.673312  0.223448  -0.222589  0.948960  0.064883  -0.688114  0.722696
236  1  0.50 3.935833  -3.974570  8.289271  -0.162407  0.857459  0.488250  0.549735  -0.620953  -0.558757
237  1  0.50 -5.318421  -1.318853  -8.365108  -0.562428  -0.683470  0.465341  0.807464  -0.376697  -0.453984
238  1  0.50 -7.358953  -6.551182  1.711089  0.591902  -0.499705  0.632414  0.358969  -0.163207  0.918970
239  1  0.50 -5.042339  7.680744  -3.947275  -0.855125  -0.380334  0.352289  0.730263  0.135271  -0.669640
240  1  0.50 -1.921981  7.319143  6.537288  -0.855201  0.201819  -0.477388  -0.980118  -0.109719  -0.165316
241  1  0.50 8.173992  1.719355  -5.498151  0.147005  -0.985078  -0.089500  -0.552375  -0.036994  -0.832774
242  1  0.50 9.686626  -1.545556  1.944359  0.243136  0.750043  -0.615077  0.228767  0.250263  -0.940763
243  1  0.50 -3.338436  9.411949  0.519679  -0.761329  -0.301731  0.573878  0.762551  0.237247  0.601855
244  1  0.50 7.661154  2.220020  -6.031436  0.376051  0.606201  0.700789  0.579753  0.166344  0.797632
245  1  0.50 -9.322920  -3.565636  -0.607780  0.361243  -0.926365  -0.106542  -0.087212  0.384665  -0.918927
246  1  0.50 -0.180168  4.915581  -8.706584  0.096472  -0.865882  -0.490858  -0.197230  0.851942  0.485073
247  1  0.50 -7.441895  1.071471  -6.593190  -0.118639  0.950155  0.288322  0.428047  -0.681254  -0.593859
248  1  0.50 -1.961685  9.731163  -1.206757  -0.856928  -0.110308  0.503495  0.603840  0.216847  0.767043
249  1  0.50 2.541419  -8.246230  5.053798  -0.597879  -0.544684  -0.588098  0.957627  0.287762  -0.012027
250  1  0.50 -5.159057  7.918375  3.268558  0.410786  0.563498  -0.716746  -0.661271  -0.125559  -0.739564
251  1  0.50 -1.758651  -1.615038  9.710757  -0.976449  -0.096616  -0.192907  -0.984045  0.001813  -0.177912
252  1  0.50 -0.747948  9.503688  -3.020014  -0.811119  0.118189  0.572815  0.830299  -0.108375  -0.546680
253  1  0.50 -5.549805  -2.386356  -7.969000  -0.188550  -0.896952  0.399907  0.221457  0.881016  -0.418053
254  1  0.50 3.919612  8.995311  1.928995  0.918376  -0.370198  -0.139781  -0.911523  0.408093  -0.050860
255  1  0.50 -4.576197  -0.248120  8.888018  0.747807  0.530026  0.399822  0.877691  -0.172555  0.447082
256  1  0.50 -3.230796  3.758422  -8.685403  -0.161297  -0.926198  -0.340793  -0.942269  -0.213114  0.258285
257  1  0.50 4.122097  8.744939  2.556240  0.799633  -0.212783  -0.561524  0.335842  0.114969  -0.934876
258  1  0.50 2.229950  -7.380481  6.368346  -0.000868  0.653134  0.757242  -0.802665  0.231699  0.549586
259  1  0.50 1.717752  -1.346511  9.758906  0.863375  -0.456485  -0.214955  -0.971195  0.142917  0.190668
260  1  0.50 8.676100  -2.982849  -3.978429  -0.440814  -0.091184  -0.892955  -0.448480  -0.123867  -0.885168
261  1  0.50 -6.807820  -3.656462  6.346958  0.242220  -0.930126  -0.276035  0.420594  0.514278  0.747408
262  1  0.50 7.164717  2.454632  6.530054  0.137620  -0.967390  0.212644  0.590647  -0.711541  -0.380586
263  1  0.50 1.585079  -9.016702  -4.023258  -0.390161  0.317115  -0.864415  -0.935453  -0.267519  0.231000
264  1  0.50 -7.633587  -6.248439  1.638708  -0.082023  -0.157869  -0.984048  0.414536  -0.279282  0.866119
265  1  0.50 -6.484212  -1.028719  7.542992  0.180336  -0.983383  0.020909  -0.721042  0.400860  -0.565163
266  1  0.50 7.232269  -0.720297  6.868439  -0.433175  -0.821895  0.369929  -0.132392  0.961640  0.240252
267  1  0.50 -1.239452  7.563607  -6.423053  0.639143  0.555991  0.531385  -0.215253  -0.652377  -0.726684
268  1  0.50 -9.797782  -1.864266  0.726627  -0.189071  0.743789  -0.641116  -0.015315  0.431966  0.901760
269  1  0.50 6.372248  -3.783565  6.714097  -0.524468  0.425448  0.737515  0.689033  -0.110551  -0.716249
270  1  0.50 8.093910  4.014801  4.286023  -0.491668  0.862380  0.120678  0.141851  -0.841865  0.520713
271  1  0.50 5.813420  6.942001  4.244145  -0.348065  -0.259304  0.900896  0.774287  -0.311695  -0.550751
272  1  0.50 2.836278  6.623378  -6.934435  -0.843032  -0.172405  -0.509483  0.589935  0.449585  0.670709
273  1  0.50 8.036384  -2.264077  -5.503680  -0.018768  0.914703  -0.403691  -0.241431  -0.969317  0.046220
274  1  0.50 7.891120  -6.044315  1.093842  0.063876  -0.096363  -0.993294  0.584140  0.793507  0.170666
275  1  0.50 0.483049  3.170536  9.471767  0.810842  0.541302  -0.222545  -0.323950  0.901997  -0.285409
276  1  0.50 3.075163  -0.208491  -9.513144  -0.786459  -0.568356  -0.241770  0.284294  -0.952082  0.112765
277  1  0.50 2.799483  9.583421  0.566510  0.924358  -0.253147  -0.285444  -0.534527  0.204618  -0.820008
278  1  0.50 5.640730  4.890559  -6.653164  0.381651  0.560092  0.735282  -0.052838  0.825463  0.561978
279  1  0.50 4.258105  -7.980238  4.264311  -0.904812  -0.375845  0.200139  0.855003  0.200668  -0.478228
280  1  0.50 2.931020  6.065990  -7.390053  -0.581261  -0.500640  -0.641479  0.922487  0.023668  0.385302
281  1  0.50 -6.469067  6.784385  3.481852  -0.163365  -0.569291  0.805741  -0.685506  -0.717393  0.124213
282  1  0.50 5.668139  6.321338  5.283265  -0.587984  -0.138789  0.796876  -0.652437  -0.047147  0.756375
283  1  0.50 5.468461  -8.304057  1.067042  0.244408  0.280233  0.928296  -0.143072  -0.218261  -0.965346
284  1  0.50 -3.273813  6.819217  6.540674  -0.466380  -0.718636  0.515802  -0.667925  0.322613  -0.670669
285  1  0.50 4.783667  -0.979353  -8.726821  0.207648  0.978195  0.004047  -0.420897  -0.897749  -0.129969
286  1  0.50 8.006887  -3.187133  -5.072666  -0.014494  -0.856800  0.515445  0.585195  0.597344  0.548385
287  1  0.50 9.538936  1.522001  -2.586930  0.017731  -0.888963  -0.457636  -0.223227  0.935907  -0.272483
288  1  0.50 2.383133  -1.614171  -9.576801  0.918026  -0.284336  0.276371  0.395281  -0.884599  0.247463
289  1  0.50 6.358206  -6.271538  4.499004  -0.281998  -0.731355  -0.620964  -0.765853  -0.440186  0.468727
290  1  0.50 6.982226  -5.281296  4.832849  -0.650438  -0.186029  0.736426  0.011715  -0.666572  -0.745349
291  1  0.50 2.824669  -9.523634  1.149622  -0.146710  0.075544  0.986291  0.943661  0.254330  -0.211707
292  1  0.50 -7.007830  4.891078  -5.193042  -0.411763  0.317116  0.854336  -0.155046  -0.814980  -0.558362
293  1  0.50 -8.516858  4.715055  2.287221  0.443080  0.880947  -0.166170  -0.216647  0.080619  -0.972916
294  1  0.50 7.179597  -0.892724  6.903363  0.672836  -0.165165  -0.721118  -0.344022  0.816648  0.463395
295  1  0.50 7.559765  -6.528272  0.481268  0.619136  0.736957  0.271226  0.497953  0.621238  0.605067
296  1  0.50 -6.395466  0.932728  7.630730  0.726436  0.398110  0.560178  -0.539735  -0.761305  -0.359306
297  1  0.50 -0.345577  8.275081  5.603892  -0.262109  0.533592  -0.804101  -0.994913  0.024603  -0.097684
298  1  0.50 -9.622765  -0.391087  2.692478  -0.269861  0.263144  -0.926245  0.004749  -0.991879  -0.127098
299  1  0.50 7.490290  -4.906511  4.452158  0.519163  0.017182  -0.854502  -0.618892  -0.758026  0.205838
300  1  0.50 -8.428358  -4.552463  2.870168  0.391139  -0.151866  0.907715  0.153585  0.307671  0.939016
301  1  0.50 -6.534798  3.849183  6.517684  0.318199  -0.641585  0.697938  -0.749712  -0.447872  -0.487178
302  1  0.50 -0.564000  -8.615106  5.045973  -0.942530  0.212651  0.257715  -0.162264  0.506592  0.846779
303  1  0.50 -3.990749  2.830132  -8.721484  -0.910378  -0.235707  0.340080  0.885104  0.367284  -0.285819
304  1  0.50 0.086795  1.139842  -9.934446  -0.978945  -0.201650  -0.031689  -0.947945  0.317192  0.028111
305  1  0.50 -1.171335  8.932518  -4.340287  -0.943760  -0.236182  -0.231377  0.823797  0.331476  0.459872
306  1  0.50 1.992858  -6.110857  -7.660676  0.964317  0.261335  0.042394  -0.959250  -0.281449  -0.025031
307  1  0.50 9.365717  1.919193  2.932583  -0.056013  0.907953  -0.415312  0.237808  0.266658  -0.933992
308  1  0.50 8.068678  -5.856471  0.773415  -0.157139  -0.086577  0.983774  0.320675  0.544187  0.775260
309  1  0.50 1.493588  -2.200828  9.639790  0.223287  -0.942224  -0.249712  -0.944344  0.257237  0.205045
310  1  0.50 1.693104  0.488499  -9.843514  -0.573387  0.817224  -0.058068  -0.098346  0.994623  0.032444
311  1  0.50 2.740444  -0.591895  -9.598939  -0.689615  -0.707778  -0.153238  0.759400  0.625739  0.178220
312  1  0.50 6.522088  5.547879  5.165599  -0.757145  0.509855  0.408386  0.718269  -0.234466  -0.655069
313  1  0.50 -4.382212  -1.845923  8.797089  0.171183  0.943636  0.283280  0.406870  0.831949  0.377250
314  1  0.50 8.230580  -2.117425  5.270110  0.309988  -0.610035  -0.729222  0.397383  -0.448264  -0.800716
315  1  0.50 -6.394565  -6.558761  4.011508  -0.331395  0.705947  0.625953  -0.519178  0.753211  0.403891
