# Total of 1000 particles
# Generated on : 2013-12-10 18:12:08.034327
# id  type radius  x   y   z   vx   vy   vz  omega
0  1  1.000000 -4.504500  1.032943  -1.908535  0.404105  0.720132  -0.564011  0.000000
1  1  1.000000 3.367882  -0.963237  3.567849  -0.735500  -0.270112  0.621353  0.000000
2  1  1.000000 3.036821  -1.622268  -3.625736  -0.747184  -0.543376  -0.382699  0.000000
3  1  1.000000 -4.169561  -2.280998  -1.553000  0.483732  -0.875114  -0.013405  0.000000
4  1  1.000000 3.326776  2.248462  2.979426  0.436015  0.413828  -0.799148  0.000000
5  1  1.000000 -1.769788  -4.600919  0.836299  0.203948  0.098592  0.974004  0.000000
6  1  1.000000 -2.780058  1.880676  3.705986  0.225402  -0.790096  0.570036  0.000000
7  1  1.000000 -2.746363  3.393957  -2.436912  -0.810630  -0.291187  0.508024  0.000000
8  1  1.000000 0.672230  -4.489492  2.095845  0.891166  0.294530  0.345074  0.000000
9  1  1.000000 4.325510  -0.201053  2.499908  -0.119609  -0.984565  0.127773  0.000000
10  1  1.000000 -2.860244  1.809541  -3.680294  0.484735  0.873081  0.052554  0.000000
11  1  1.000000 3.593478  0.332223  3.460714  -0.442625  0.811406  0.381712  0.000000
12  1  1.000000 -4.980907  -0.436421  -0.010292  -0.081986  0.943300  -0.321658  0.000000
13  1  1.000000 -1.015264  -4.494348  1.941668  0.589914  -0.428841  -0.684176  0.000000
14  1  1.000000 -0.700901  -3.941888  -2.995039  -0.803278  0.444253  -0.396715  0.000000
15  1  1.000000 -4.737976  -1.461144  0.645481  0.297964  -0.662659  0.687095  0.000000
16  1  1.000000 1.519853  3.454553  3.279651  0.927914  -0.370690  -0.039554  0.000000
17  1  1.000000 0.373844  -3.576753  3.473771  -0.989229  0.034709  0.142198  0.000000
18  1  1.000000 -2.249599  -4.394262  0.793576  0.883008  -0.411168  0.226359  0.000000
19  1  1.000000 -0.597777  -4.950640  -0.365824  0.639646  -0.020455  -0.768397  0.000000
20  1  1.000000 -4.479757  0.642446  2.125803  -0.393559  -0.673359  -0.625858  0.000000
21  1  1.000000 -0.286247  3.528095  3.531375  -0.996736  -0.080726  -0.000143  0.000000
22  1  1.000000 -2.625472  4.239175  0.369183  0.822235  0.483023  0.301029  0.000000
23  1  1.000000 4.102557  0.076917  -2.857115  -0.387815  0.749374  -0.536692  0.000000
24  1  1.000000 -4.307750  2.537311  -0.073110  -0.341039  -0.557187  0.757123  0.000000
25  1  1.000000 0.278364  -0.213055  -4.987697  0.582721  -0.809896  0.067117  0.000000
26  1  1.000000 4.993177  -0.182000  0.187235  -0.027377  -0.975530  -0.218156  0.000000
27  1  1.000000 2.605510  3.336270  -2.660943  -0.693416  0.694533  0.191830  0.000000
28  1  1.000000 0.327551  4.489176  2.177155  0.690381  0.274287  -0.669433  0.000000
29  1  1.000000 3.964045  1.090126  -2.845693  0.067653  0.896573  0.437699  0.000000
30  1  1.000000 -0.248632  -4.758575  1.514645  0.655052  -0.260036  -0.709428  0.000000
31  1  1.000000 4.233571  -0.992857  2.468018  -0.508207  -0.027248  0.860804  0.000000
32  1  1.000000 -0.492492  -0.053104  4.975403  0.737790  -0.671810  0.065860  0.000000
33  1  1.000000 4.044268  -2.845932  -0.737948  0.017584  -0.227472  0.973626  0.000000
34  1  1.000000 -2.410550  3.619767  2.467090  0.187509  -0.464878  0.865291  0.000000
35  1  1.000000 -0.142731  -0.769804  -4.938323  0.805488  -0.588643  0.068479  0.000000
36  1  1.000000 1.641984  -2.628217  3.923820  -0.863243  0.170192  0.475234  0.000000
37  1  1.000000 0.008688  4.319358  -2.518545  -0.822641  0.287624  0.490443  0.000000
38  1  1.000000 -3.126384  1.294520  3.681024  0.638807  0.711691  0.292271  0.000000
39  1  1.000000 2.538449  3.628091  2.322333  -0.133183  -0.466531  0.874420  0.000000
40  1  1.000000 3.297095  -3.662139  0.847290  -0.461501  -0.216449  0.860329  0.000000
41  1  1.000000 -1.433489  -0.129803  -4.788346  0.934495  0.212593  -0.285523  0.000000
42  1  1.000000 3.651792  -1.566363  -3.034950  -0.528495  -0.822144  -0.211595  0.000000
43  1  1.000000 -2.280639  2.951411  3.329843  -0.224505  0.647819  -0.727961  0.000000
44  1  1.000000 3.066976  1.226499  3.753579  0.014552  0.946871  -0.321284  0.000000
45  1  1.000000 3.799105  -2.406069  2.185779  -0.581273  -0.804008  0.125272  0.000000
46  1  1.000000 3.865041  0.059260  -3.171426  -0.053641  0.997466  -0.046734  0.000000
47  1  1.000000 -2.997724  3.789088  -1.287036  0.727361  0.650106  0.219793  0.000000
48  1  1.000000 -4.809204  1.090622  0.825893  -0.020848  0.543520  -0.839137  0.000000
49  1  1.000000 -4.859594  0.116364  -1.170814  -0.005783  0.992434  0.122639  0.000000
50  1  1.000000 0.553088  4.899397  -0.830666  -0.860715  0.010872  -0.508972  0.000000
51  1  1.000000 3.875285  -2.693526  1.651388  -0.625087  -0.730139  0.275976  0.000000
52  1  1.000000 -0.840432  -4.603850  1.760183  -0.057258  0.365634  0.928996  0.000000
53  1  1.000000 4.543907  -1.460871  -1.489553  -0.385744  -0.316004  -0.866800  0.000000
54  1  1.000000 4.222384  -0.012448  2.677931  0.109324  0.979737  -0.167821  0.000000
55  1  1.000000 4.059094  2.854676  0.612031  0.025725  0.174457  -0.984329  0.000000
56  1  1.000000 2.824226  3.845712  1.494740  -0.283522  0.521108  -0.805023  0.000000
57  1  1.000000 -2.804852  -1.787982  -3.733085  -0.567954  -0.489908  0.661376  0.000000
58  1  1.000000 -2.397610  4.259915  1.050994  -0.710994  -0.517605  0.475996  0.000000
59  1  1.000000 -3.412897  -2.777215  -2.374703  -0.029857  0.670533  -0.741278  0.000000
60  1  1.000000 -4.098215  1.035392  2.670693  -0.459550  -0.794375  -0.397217  0.000000
61  1  1.000000 -4.635692  -1.843695  0.333392  0.293624  -0.825449  -0.482098  0.000000
62  1  1.000000 -1.205939  4.538253  1.717548  0.914206  0.093717  0.394264  0.000000
63  1  1.000000 -1.406674  -3.641701  -3.123985  -0.944916  0.096760  0.312683  0.000000
64  1  1.000000 -0.383319  2.442198  -4.346117  0.996838  0.055807  -0.056560  0.000000
65  1  1.000000 -0.050957  -1.313527  -4.824111  0.489518  -0.842659  0.224272  0.000000
66  1  1.000000 -4.284673  -0.791186  -2.452672  -0.024703  0.963224  -0.267563  0.000000
67  1  1.000000 4.790231  -0.001576  -1.433070  0.276596  -0.261062  0.924847  0.000000
68  1  1.000000 -4.609196  -1.821119  0.662446  0.291213  -0.425349  0.856898  0.000000
69  1  1.000000 -1.319776  -4.256065  -2.268061  -0.463490  -0.300497  0.833593  0.000000
70  1  1.000000 -2.700760  3.582189  -2.207672  -0.704642  -0.671877  -0.228168  0.000000
71  1  1.000000 -3.161216  3.871931  -0.121914  -0.716837  -0.572737  0.397639  0.000000
72  1  1.000000 2.092455  0.495827  -4.513955  0.399493  -0.912794  0.084922  0.000000
73  1  1.000000 -2.561503  3.265028  -2.788959  0.224625  0.728772  0.646866  0.000000
74  1  1.000000 -1.369905  0.229232  4.803209  -0.912551  0.302949  -0.274723  0.000000
75  1  1.000000 -4.384576  0.817300  2.259981  0.297462  -0.554099  0.777490  0.000000
76  1  1.000000 -4.680858  0.011531  -1.757680  -0.154932  0.894919  0.418468  0.000000
77  1  1.000000 -3.388495  3.667744  0.256423  -0.694447  -0.615520  -0.372663  0.000000
78  1  1.000000 -4.273916  -1.938968  -1.724542  -0.472714  0.307452  0.825842  0.000000
79  1  1.000000 2.624235  1.529106  3.971804  0.030752  0.925806  -0.376745  0.000000
80  1  1.000000 -1.461282  -0.039563  4.781536  0.036630  -0.999325  0.002926  0.000000
81  1  1.000000 4.990349  -0.306116  0.052094  -0.054796  -0.789207  0.611677  0.000000
82  1  1.000000 -1.805194  -4.483140  -1.281690  -0.538146  0.424811  -0.727966  0.000000
83  1  1.000000 -1.846383  -0.204490  -4.642096  0.300528  0.940095  -0.160947  0.000000
84  1  1.000000 -3.235569  -3.769226  -0.569237  -0.195040  0.019332  0.980605  0.000000
85  1  1.000000 -0.389441  -4.976588  0.286186  0.935164  -0.053041  0.350220  0.000000
86  1  1.000000 -1.491041  2.138832  4.266403  -0.948412  -0.233602  -0.214346  0.000000
87  1  1.000000 3.845721  -1.067129  -3.011921  -0.114206  -0.973317  0.199027  0.000000
88  1  1.000000 1.643143  -4.442722  1.600720  0.901578  0.396115  0.173925  0.000000
89  1  1.000000 -2.736206  -1.692355  3.827416  0.816200  -0.013304  0.577616  0.000000
90  1  1.000000 -2.045357  -0.737388  4.502530  -0.894285  -0.131413  -0.427767  0.000000
91  1  1.000000 -3.010372  1.390624  -3.742168  0.754668  0.504330  -0.419676  0.000000
92  1  1.000000 3.026052  -0.843769  -3.889867  -0.692195  -0.594229  -0.409584  0.000000
93  1  1.000000 1.392639  4.336963  2.061871  -0.873923  0.406974  -0.265766  0.000000
94  1  1.000000 4.113369  -1.316312  2.519428  -0.198987  0.696917  0.688993  0.000000
95  1  1.000000 2.907141  -4.063073  -0.199923  0.322825  0.185314  0.928139  0.000000
96  1  1.000000 -1.958299  -2.703103  3.722673  -0.705507  -0.342986  -0.620178  0.000000
97  1  1.000000 -0.100987  -4.957998  -0.638797  -0.568633  0.116498  -0.814300  0.000000
98  1  1.000000 3.634840  -2.281833  -2.565379  0.047350  -0.712099  0.700481  0.000000
99  1  1.000000 4.642048  1.670008  -0.813918  0.164263  0.024017  0.986124  0.000000
100  1  1.000000 -2.134775  3.032601  3.353515  -0.774207  0.138061  -0.617692  0.000000
101  1  1.000000 1.622209  -0.307916  4.719494  0.304880  0.951432  -0.042720  0.000000
102  1  1.000000 -2.349903  2.171760  3.842058  0.455743  0.864943  -0.210173  0.000000
103  1  1.000000 4.938045  0.028253  0.784164  -0.082883  -0.829829  0.551829  0.000000
104  1  1.000000 -0.894318  3.369111  3.584590  -0.220999  -0.737564  0.638090  0.000000
105  1  1.000000 -3.612557  3.088334  1.552941  0.270359  -0.161044  0.949195  0.000000
106  1  1.000000 3.118956  3.586929  1.551146  -0.656309  0.265233  0.706335  0.000000
107  1  1.000000 -3.546194  2.518412  2.466194  -0.169765  0.557043  -0.812947  0.000000
108  1  1.000000 -4.439292  -2.029505  1.083420  0.046975  -0.548436  -0.834872  0.000000
109  1  1.000000 2.670322  -1.690269  3.874580  -0.040162  0.905400  0.422656  0.000000
110  1  1.000000 4.026194  -2.660144  -1.308966  -0.589789  -0.764186  -0.261090  0.000000
111  1  1.000000 4.775605  0.459265  -1.408075  -0.131219  0.983537  -0.124243  0.000000
112  1  1.000000 -3.438405  -3.464006  1.085372  0.673693  -0.720380  -0.164895  0.000000
113  1  1.000000 2.182190  -2.905375  3.434653  -0.741494  -0.664733  -0.091193  0.000000
114  1  1.000000 3.580895  -3.428724  0.648878  -0.667288  -0.618325  0.415213  0.000000
115  1  1.000000 -1.711327  2.999188  -3.616107  0.873451  0.486817  -0.009598  0.000000
116  1  1.000000 -4.125062  -2.818008  0.206640  0.562365  -0.826005  -0.038223  0.000000
117  1  1.000000 -4.983615  0.005096  0.404420  -0.056311  -0.726587  -0.684763  0.000000
118  1  1.000000 -3.381823  -0.816643  3.591151  -0.359493  -0.777879  -0.515431  0.000000
119  1  1.000000 -1.850414  4.596348  -0.670486  -0.422631  -0.038055  0.905503  0.000000
120  1  1.000000 0.809840  -4.393383  2.245517  0.401299  0.474430  0.783502  0.000000
121  1  1.000000 0.301756  -2.208489  -4.475658  0.121424  -0.886858  0.445802  0.000000
122  1  1.000000 -1.888183  2.763162  3.714795  0.496655  0.798076  -0.341187  0.000000
123  1  1.000000 -1.329183  1.517812  4.574879  0.740692  0.671801  -0.007684  0.000000
124  1  1.000000 -2.861229  1.744200  -3.710948  0.197440  0.937002  0.288174  0.000000
125  1  1.000000 1.566794  -4.748120  0.022638  -0.940179  -0.310906  -0.139284  0.000000
126  1  1.000000 0.451415  -0.144229  -4.977492  0.696065  -0.713072  0.083789  0.000000
127  1  1.000000 -2.405418  3.585747  -2.521187  -0.171246  -0.640963  -0.748225  0.000000
128  1  1.000000 -1.514488  4.733496  0.548034  -0.540185  -0.075796  -0.838126  0.000000
129  1  1.000000 -3.751210  3.295118  -0.265751  -0.653372  -0.751307  -0.092968  0.000000
130  1  1.000000 -3.698665  3.308741  0.610009  0.507761  0.667915  -0.544121  0.000000
131  1  1.000000 -3.546436  -3.452683  -0.708361  -0.098651  0.296236  -0.950007  0.000000
132  1  1.000000 -1.015845  4.539267  1.833880  -0.567774  -0.414415  0.711262  0.000000
133  1  1.000000 -4.374279  1.886688  -1.518584  -0.222689  0.243507  0.943988  0.000000
134  1  1.000000 -0.967093  1.114872  -4.777216  0.500727  -0.815021  -0.291570  0.000000
135  1  1.000000 -3.578531  3.481276  0.273548  0.331268  0.407395  -0.851053  0.000000
136  1  1.000000 1.090566  4.623087  -1.561324  0.380637  -0.375226  -0.845175  0.000000
137  1  1.000000 1.443928  4.557919  1.463027  0.160352  0.255256  -0.953484  0.000000
138  1  1.000000 -1.882949  3.915646  -2.474311  0.866008  0.487297  0.112126  0.000000
139  1  1.000000 0.171326  2.464020  4.347327  -0.797200  -0.511202  0.321161  0.000000
140  1  1.000000 -3.140221  0.976115  -3.766459  0.637208  -0.426640  -0.641829  0.000000
141  1  1.000000 -3.890782  -2.646542  1.690453  0.536301  -0.279810  0.796296  0.000000
142  1  1.000000 -2.596654  1.935307  -3.809459  -0.810601  -0.505418  0.295767  0.000000
143  1  1.000000 -0.291795  -4.961914  0.542459  -0.863175  0.104758  0.493918  0.000000
144  1  1.000000 3.040347  -3.645800  1.569852  -0.785833  -0.496652  0.368514  0.000000
145  1  1.000000 -3.231802  -2.992802  2.366134  -0.728800  0.300610  -0.615211  0.000000
146  1  1.000000 -4.424032  0.151456  2.324866  -0.448129  -0.328721  -0.831338  0.000000
147  1  1.000000 -4.865621  -0.046658  1.150459  -0.173818  -0.625644  -0.760498  0.000000
148  1  1.000000 2.227537  4.260878  1.372225  -0.775234  0.520531  -0.357854  0.000000
149  1  1.000000 -1.048662  -2.948759  3.899375  0.129987  -0.807353  -0.575573  0.000000
150  1  1.000000 4.413115  2.024172  1.194630  -0.291760  0.073251  0.953683  0.000000
151  1  1.000000 3.674394  -0.119412  -3.388889  -0.233350  -0.947265  -0.219631  0.000000
152  1  1.000000 2.428072  3.228876  2.945985  0.868340  -0.434078  -0.239922  0.000000
153  1  1.000000 4.890903  0.990622  0.312622  0.158644  -0.906635  0.390954  0.000000
154  1  1.000000 -2.884972  0.289957  4.073434  0.291693  -0.917062  0.271868  0.000000
155  1  1.000000 2.965708  3.187970  2.457931  0.382431  -0.760438  0.524862  0.000000
156  1  1.000000 2.881181  -0.618089  4.039401  -0.674462  0.486344  0.555491  0.000000
157  1  1.000000 -2.124914  -4.450423  0.823697  0.660694  -0.180605  0.728605  0.000000
158  1  1.000000 -1.190452  -0.730600  -4.800942  0.767204  -0.634525  -0.093677  0.000000
159  1  1.000000 3.215642  3.119299  2.220275  -0.605711  0.769234  -0.203453  0.000000
160  1  1.000000 -1.516267  -0.786769  -4.699141  -0.784653  -0.518396  0.339978  0.000000
161  1  1.000000 -4.775555  0.361551  -1.436438  0.292870  0.376492  -0.878909  0.000000
162  1  1.000000 -3.491438  2.748133  2.292952  0.037192  -0.611930  0.790037  0.000000
163  1  1.000000 -3.243444  -1.264540  3.589012  0.162392  -0.967445  -0.194110  0.000000
164  1  1.000000 -3.058556  -3.794335  -1.117252  -0.712678  0.406042  0.572032  0.000000
165  1  1.000000 -0.154901  4.061118  2.912615  0.720227  -0.385963  0.576460  0.000000
166  1  1.000000 3.535318  -3.144352  1.616965  0.657408  0.753050  0.027031  0.000000
167  1  1.000000 0.873031  -2.673734  -4.133880  -0.540098  0.650066  -0.534516  0.000000
168  1  1.000000 -2.838187  4.111342  0.203872  0.001025  -0.048821  0.998807  0.000000
169  1  1.000000 2.002882  -2.731268  -3.678130  -0.052696  -0.815260  0.576692  0.000000
170  1  1.000000 0.072110  3.436495  -3.631157  -0.177388  -0.713027  -0.678325  0.000000
171  1  1.000000 1.096850  4.812783  0.796264  0.965015  -0.190044  -0.180636  0.000000
172  1  1.000000 0.657444  -4.324124  -2.422751  0.959892  -0.011023  0.280154  0.000000
173  1  1.000000 -4.593754  1.847204  -0.696610  -0.139574  0.026193  0.989865  0.000000
174  1  1.000000 -2.353475  -3.809656  2.224337  -0.324854  -0.319131  -0.890295  0.000000
175  1  1.000000 3.156102  1.794880  3.437649  -0.388875  -0.620494  0.681001  0.000000
176  1  1.000000 0.118585  -4.471155  -2.234885  -0.524375  -0.391789  0.755997  0.000000
177  1  1.000000 0.441075  4.837365  1.185477  0.614687  -0.240171  0.751318  0.000000
178  1  1.000000 -4.190941  -2.090465  1.750992  -0.084076  -0.535383  -0.840414  0.000000
179  1  1.000000 -2.488387  2.827419  -3.288409  0.818352  0.557406  -0.139994  0.000000
180  1  1.000000 -0.744760  -4.909799  0.582413  -0.323192  0.159672  0.932766  0.000000
181  1  1.000000 -4.550410  -1.716009  -1.161501  0.346106  -0.321106  -0.881534  0.000000
182  1  1.000000 2.017213  2.753928  -3.653318  0.913796  -0.283562  0.290807  0.000000
183  1  1.000000 -0.803919  -2.970713  3.940631  0.739964  -0.600987  -0.302106  0.000000
184  1  1.000000 1.258024  3.103653  -3.712777  -0.946446  0.318195  -0.054699  0.000000
185  1  1.000000 -4.573468  -1.999763  -0.290418  0.157913  -0.221394  -0.962314  0.000000
186  1  1.000000 -4.285950  0.863271  -2.425984  -0.104841  -0.980902  -0.163827  0.000000
187  1  1.000000 -3.126593  3.073248  -2.404073  0.761098  0.344278  -0.549729  0.000000
188  1  1.000000 1.822792  2.213254  -4.096210  0.930737  -0.146079  0.335244  0.000000
189  1  1.000000 -3.539029  -2.389175  2.601368  -0.291653  -0.473130  -0.831316  0.000000
190  1  1.000000 3.853187  1.611238  2.748975  0.629717  -0.517529  -0.579327  0.000000
191  1  1.000000 2.867559  -0.530356  -4.061506  -0.268592  0.912422  -0.308780  0.000000
192  1  1.000000 1.904125  3.210234  -3.326967  -0.857308  0.514769  0.006044  0.000000
193  1  1.000000 3.110114  -2.150174  -3.271689  0.675614  0.717170  0.170919  0.000000
194  1  1.000000 4.156642  1.590366  -2.278830  0.393950  -0.915684  0.079531  0.000000
195  1  1.000000 -1.014607  4.324670  -2.295169  -0.679745  -0.461858  -0.569766  0.000000
196  1  1.000000 2.557819  -4.040715  -1.459514  -0.366796  -0.512601  0.776338  0.000000
197  1  1.000000 1.997171  -0.954924  -4.483239  0.317532  -0.888697  0.330744  0.000000
198  1  1.000000 2.434768  -1.877533  3.942940  0.872017  0.260316  -0.414515  0.000000
199  1  1.000000 0.628690  4.734713  1.478933  -0.203099  -0.267267  0.941976  0.000000
200  1  1.000000 4.841488  -0.553633  -1.119591  0.052686  -0.785701  0.616359  0.000000
201  1  1.000000 0.347634  -2.094173  4.526984  0.196701  -0.884019  -0.424050  0.000000
202  1  1.000000 -1.811118  -4.510306  -1.173452  0.766852  -0.145280  -0.625165  0.000000
203  1  1.000000 -3.202024  -1.719624  3.433648  0.491571  -0.870549  0.022427  0.000000
204  1  1.000000 -4.452651  -2.096594  0.882151  0.273385  -0.803259  -0.529185  0.000000
205  1  1.000000 0.508578  -2.423358  -4.343810  -0.675189  0.607717  -0.418090  0.000000
206  1  1.000000 -1.505060  -1.130229  4.632211  -0.734488  0.674569  -0.074054  0.000000
207  1  1.000000 0.002995  -4.932252  0.820294  -0.940774  0.055065  0.334532  0.000000
208  1  1.000000 4.551488  1.199116  -1.687033  0.413446  -0.567128  0.712340  0.000000
209  1  1.000000 -2.028684  4.425986  1.138018  -0.452550  0.021788  -0.891473  0.000000
210  1  1.000000 3.411178  1.275821  3.425806  0.730994  -0.219822  -0.646008  0.000000
211  1  1.000000 -4.718623  -0.007460  -1.653645  -0.239490  -0.686583  0.686475  0.000000
212  1  1.000000 -3.177726  -1.403060  3.596315  0.699891  0.183891  0.690171  0.000000
213  1  1.000000 -4.996946  0.105439  -0.139343  0.003200  0.849295  0.527909  0.000000
214  1  1.000000 0.617613  -0.298196  4.952740  -0.729826  -0.681805  0.049960  0.000000
215  1  1.000000 1.066339  4.141146  2.591106  -0.925331  0.001032  0.379160  0.000000
216  1  1.000000 2.620752  2.618279  3.358016  -0.749346  0.658303  0.071539  0.000000
217  1  1.000000 0.161832  3.219901  3.821786  -0.976615  0.183007  -0.112831  0.000000
218  1  1.000000 -1.074955  1.043872  4.770200  -0.406685  0.869016  -0.281814  0.000000
219  1  1.000000 0.365967  4.243679  2.618636  0.749777  0.299445  -0.590056  0.000000
220  1  1.000000 2.752647  4.143287  0.506073  -0.688109  0.381786  0.617046  0.000000
221  1  1.000000 1.487226  -4.710909  0.771686  -0.813282  -0.334718  -0.475958  0.000000
222  1  1.000000 3.169427  -3.865916  -0.097104  0.535451  0.456826  -0.710353  0.000000
223  1  1.000000 -3.872886  -2.834626  1.402016  -0.514297  0.306512  -0.800967  0.000000
224  1  1.000000 0.423829  -2.818768  -4.107909  0.539227  -0.667417  0.513603  0.000000
225  1  1.000000 -1.583718  2.049295  -4.276941  -0.584012  0.626337  0.516364  0.000000
226  1  1.000000 -2.088670  4.351530  -1.304472  -0.020137  -0.295946  -0.954992  0.000000
227  1  1.000000 0.648754  3.778135  3.210111  0.657812  0.418889  -0.625952  0.000000
228  1  1.000000 -1.834943  -4.415879  1.460479  -0.892503  0.422811  0.157063  0.000000
229  1  1.000000 -0.626734  4.149112  -2.718837  0.058837  -0.540908  -0.839021  0.000000
230  1  1.000000 3.232703  -0.643883  3.759661  0.450814  0.859635  -0.240405  0.000000
231  1  1.000000 -0.863787  4.863996  0.771629  0.617091  -0.015222  0.786744  0.000000
232  1  1.000000 2.876688  -2.339656  -3.354202  -0.471084  -0.860060  0.195899  0.000000
233  1  1.000000 -3.336999  -0.978133  3.592728  0.246874  0.852198  0.461315  0.000000
234  1  1.000000 1.752256  4.680980  0.134278  0.753047  -0.298709  0.586254  0.000000
235  1  1.000000 -2.290344  -1.135163  4.297177  0.846536  0.183559  0.499683  0.000000
236  1  1.000000 1.624355  3.178479  -3.501249  -0.300857  0.771413  0.560720  0.000000
237  1  1.000000 0.141292  -4.181027  2.738439  0.300574  0.529658  0.793169  0.000000
238  1  1.000000 -4.735553  -0.637881  1.472292  -0.061564  -0.828305  -0.556885  0.000000
239  1  1.000000 3.068279  -3.923789  -0.435372  0.103080  -0.029712  0.994229  0.000000
240  1  1.000000 0.884967  2.971532  -3.922605  0.042819  0.791701  0.609406  0.000000
241  1  1.000000 3.462032  3.495873  0.890621  -0.644888  0.489008  0.587359  0.000000
242  1  1.000000 2.042600  2.392009  3.886654  0.688454  -0.720662  0.081714  0.000000
243  1  1.000000 -0.560177  -4.753213  1.446777  0.673575  0.141433  0.725461  0.000000
244  1  1.000000 4.974051  -0.457473  -0.222573  0.100488  0.952123  0.288728  0.000000
245  1  1.000000 2.733589  -3.305571  -2.569181  -0.322353  -0.732555  0.599542  0.000000
246  1  1.000000 0.989715  -4.893705  0.268542  -0.965862  -0.204094  -0.159551  0.000000
247  1  1.000000 -4.992810  0.267295  0.020153  -0.017023  -0.244891  -0.969401  0.000000
248  1  1.000000 -0.715764  -2.626312  4.194063  -0.878921  0.457097  0.136235  0.000000
249  1  1.000000 4.724027  -1.426612  0.805202  0.075087  0.667014  0.741252  0.000000
250  1  1.000000 -1.787384  3.069870  3.518686  -0.463479  -0.770818  0.437066  0.000000
251  1  1.000000 4.403158  -2.191172  0.900533  0.412328  0.896098  0.164300  0.000000
252  1  1.000000 2.061378  -2.654529  3.701918  -0.537070  0.514817  0.668221  0.000000
253  1  1.000000 -4.539362  0.723979  -1.967243  -0.015140  0.926531  0.375913  0.000000
254  1  1.000000 3.378605  3.682899  -0.145895  0.354288  -0.359218  -0.863390  0.000000
255  1  1.000000 4.060234  2.252877  -1.854466  0.031964  -0.668920  -0.742647  0.000000
256  1  1.000000 -0.687806  -2.697525  -4.153346  -0.276400  0.826236  -0.490853  0.000000
257  1  1.000000 -1.406915  -3.777243  2.958551  -0.109792  0.637921  0.762236  0.000000
258  1  1.000000 3.168175  -3.663110  -1.242696  0.224406  -0.133396  0.965322  0.000000
259  1  1.000000 2.385835  3.360049  -2.831582  -0.692836  0.684099  0.228005  0.000000
260  1  1.000000 -0.267222  4.950233  0.650987  -0.276662  -0.139960  0.950720  0.000000
261  1  1.000000 1.294264  -4.798241  -0.549330  -0.835805  -0.279546  0.472530  0.000000
262  1  1.000000 1.265305  0.365045  4.823458  0.382113  0.908532  -0.168996  0.000000
263  1  1.000000 -2.072168  2.808465  3.580313  -0.898205  -0.379137  -0.222449  0.000000
264  1  1.000000 -0.701069  -4.948802  0.133636  0.582190  -0.060581  0.810793  0.000000
265  1  1.000000 4.666536  -0.295616  -1.770890  0.351212  -0.055028  0.934678  0.000000
266  1  1.000000 2.813962  1.622574  -3.801167  0.302700  -0.936737  -0.175772  0.000000
267  1  1.000000 -0.932224  4.240563  -2.479634  0.560888  0.506318  0.655017  0.000000
268  1  1.000000 -2.033415  4.206912  1.779639  -0.774833  -0.111267  -0.622297  0.000000
269  1  1.000000 3.813617  1.287857  -2.966101  0.282199  -0.957887  -0.053074  0.000000
270  1  1.000000 4.055633  -2.494421  1.526338  -0.557717  -0.502565  0.660591  0.000000
271  1  1.000000 -1.657956  -2.017612  -4.263851  -0.754863  -0.428705  0.496380  0.000000
272  1  1.000000 -3.614066  2.598590  2.277247  -0.686828  -0.612985  -0.390535  0.000000
273  1  1.000000 -4.021853  0.039700  -2.970374  0.430540  0.696836  -0.573633  0.000000
274  1  1.000000 -4.231334  -2.658237  -0.172030  0.324209  -0.462672  -0.825120  0.000000
275  1  1.000000 3.590175  0.649263  3.418933  0.391046  0.737454  -0.550676  0.000000
276  1  1.000000 4.041564  -1.858111  2.283241  -0.229069  -0.913014  -0.337540  0.000000
277  1  1.000000 4.078201  2.671284  1.110190  0.311911  -0.082824  -0.946495  0.000000
278  1  1.000000 -1.901182  -2.201410  -4.066854  -0.285925  -0.780389  0.556093  0.000000
279  1  1.000000 -4.214488  1.741553  2.050631  -0.431224  0.018599  -0.902053  0.000000
280  1  1.000000 3.604604  0.044875  3.464797  -0.474461  0.735222  0.484083  0.000000
281  1  1.000000 -4.089123  0.179684  2.871721  -0.143635  -0.979207  -0.143257  0.000000
282  1  1.000000 0.334149  -4.666347  1.764526  -0.334605  0.312251  0.889123  0.000000
283  1  1.000000 1.304979  3.765634  -3.019442  -0.365927  0.656070  0.660053  0.000000
284  1  1.000000 1.391216  4.671885  -1.112660  -0.073333  -0.210339  -0.974874  0.000000
285  1  1.000000 1.908772  4.010770  -2.295716  -0.270870  -0.377857  -0.885355  0.000000
286  1  1.000000 -1.028543  3.899030  2.956292  -0.443654  0.464213  -0.766601  0.000000
287  1  1.000000 4.845382  -0.592959  -1.081976  -0.218125  -0.821723  -0.526491  0.000000
288  1  1.000000 3.408491  2.966376  2.140749  -0.506991  -0.038859  0.861075  0.000000
289  1  1.000000 -2.143648  1.338598  4.314271  -0.388728  0.807484  -0.443689  0.000000
290  1  1.000000 -3.282940  2.428678  2.885105  -0.510014  -0.849538  0.134799  0.000000
291  1  1.000000 -1.237141  4.839978  0.209997  -0.864188  -0.200878  -0.461331  0.000000
292  1  1.000000 0.339491  2.327448  -4.412225  -0.629507  0.706184  0.324076  0.000000
293  1  1.000000 -4.446120  -1.110637  -1.999626  0.287713  -0.951216  -0.111396  0.000000
294  1  1.000000 -3.644718  0.067914  -3.422195  0.205864  0.957875  -0.200241  0.000000
295  1  1.000000 -0.693447  -2.778098  -4.098939  0.535420  0.654309  -0.534046  0.000000
296  1  1.000000 4.019764  2.708310  -1.227417  0.104565  -0.535112  -0.838285  0.000000
297  1  1.000000 1.666484  1.859067  4.332055  -0.036772  -0.913129  0.406008  0.000000
298  1  1.000000 -0.800514  -4.921272  -0.374515  0.943717  -0.174874  0.280744  0.000000
299  1  1.000000 4.361191  -1.927529  -1.504872  -0.163597  0.349964  -0.922367  0.000000
300  1  1.000000 2.367820  0.927884  4.304934  0.851911  -0.344655  -0.394285  0.000000
301  1  1.000000 -4.888311  -0.916503  -0.514234  -0.210170  0.847321  0.487725  0.000000
302  1  1.000000 -1.530356  1.286661  -4.582850  0.626109  0.779674  0.009821  0.000000
303  1  1.000000 3.356798  3.694799  0.283488  -0.611041  0.595186  -0.521903  0.000000
304  1  1.000000 0.907673  2.286140  -4.353125  -0.532971  0.789776  0.303638  0.000000
305  1  1.000000 -0.307618  4.002059  2.981424  -0.260722  -0.589562  0.764487  0.000000
306  1  1.000000 1.164198  2.305058  4.281513  -0.946627  -0.094371  0.308207  0.000000
307  1  1.000000 -3.289461  -3.571814  1.192306  -0.542432  0.669121  0.507980  0.000000
308  1  1.000000 1.634022  3.453141  3.225801  -0.496969  0.706222  -0.504254  0.000000
309  1  1.000000 -1.043975  3.865698  2.994410  0.977180  0.189378  0.096203  0.000000
310  1  1.000000 -1.342301  3.363852  -3.447133  -0.741750  0.312259  0.593550  0.000000
311  1  1.000000 -2.635178  -3.190905  2.806058  -0.646940  -0.126946  -0.751900  0.000000
312  1  1.000000 -3.432709  3.234820  1.659052  0.259241  -0.208553  0.943027  0.000000
313  1  1.000000 -2.450752  -3.090770  -3.072614  0.351087  -0.785313  0.509923  0.000000
314  1  1.000000 -3.970881  -2.867003  1.006179  0.081104  0.228175  0.970236  0.000000
315  1  1.000000 -1.591944  4.227701  2.142956  -0.947958  -0.285046  -0.141864  0.000000
316  1  1.000000 4.335628  2.423547  -0.573368  0.498010  -0.839576  0.217021  0.000000
317  1  1.000000 3.304174  -3.210033  -1.943740  0.067289  0.566558  -0.821270  0.000000
318  1  1.000000 -4.448152  1.988099  1.123125  -0.151626  -0.721135  0.675998  0.000000
319  1  1.000000 4.689895  0.596083  1.627751  -0.016419  0.953239  -0.301771  0.000000
320  1  1.000000 0.967204  4.442115  -2.081378  -0.035847  -0.417606  -0.907921  0.000000
321  1  1.000000 -0.471884  4.972486  -0.227393  0.419018  0.081120  0.904347  0.000000
322  1  1.000000 -2.676292  1.416633  3.978770  -0.312731  0.808654  -0.498276  0.000000
323  1  1.000000 3.883753  -2.930834  1.151813  0.141588  0.518926  0.843012  0.000000
324  1  1.000000 0.808080  -4.934254  0.011988  0.939084  0.153046  -0.307730  0.000000
325  1  1.000000 -2.007746  1.390293  -4.363031  0.910232  0.015912  -0.413793  0.000000
326  1  1.000000 2.446142  -3.091162  -3.075892  0.619861  0.742670  -0.253405  0.000000
327  1  1.000000 3.853825  2.877491  1.366778  0.477540  -0.805853  0.350080  0.000000
328  1  1.000000 -3.378725  0.101806  -3.684271  0.411058  0.840173  -0.353752  0.000000
329  1  1.000000 -4.771232  -1.451529  -0.358334  -0.299020  0.925927  0.230751  0.000000
330  1  1.000000 1.097803  1.481531  4.647569  0.117670  -0.953850  0.276269  0.000000
331  1  1.000000 3.845725  2.494694  1.996722  -0.633792  0.515351  0.576820  0.000000
332  1  1.000000 4.437087  -0.457473  -2.258977  0.460931  0.163879  0.872173  0.000000
333  1  1.000000 -2.770670  -4.042816  -0.989456  -0.023116  -0.222689  0.974615  0.000000
334  1  1.000000 -0.755148  2.632711  4.183131  0.078476  0.850050  -0.520824  0.000000
335  1  1.000000 -4.189985  1.492892  2.283703  0.531101  0.638436  0.557073  0.000000
336  1  1.000000 -3.831862  -1.989067  2.521993  0.380280  -0.913767  -0.142889  0.000000
337  1  1.000000 -1.822280  4.423139  -1.454350  -0.821539  -0.158373  0.547715  0.000000
338  1  1.000000 -1.272614  -2.628732  4.058352  0.175740  -0.850482  -0.495778  0.000000
339  1  1.000000 -1.354135  -0.494191  4.787702  0.959466  -0.108273  0.260196  0.000000
340  1  1.000000 4.820764  1.226456  -0.506000  0.074230  -0.615490  -0.784641  0.000000
341  1  1.000000 -3.397490  3.236527  1.726834  0.165006  0.593504  -0.787735  0.000000
342  1  1.000000 -0.501797  4.136972  -2.762908  0.451386  -0.457078  -0.766375  0.000000
343  1  1.000000 4.356155  -1.146961  -2.169884  0.147937  0.965687  -0.213453  0.000000
344  1  1.000000 -3.921963  3.027335  0.673388  -0.472105  -0.441956  -0.762752  0.000000
345  1  1.000000 2.280677  1.409833  4.220294  -0.611428  0.788456  0.067028  0.000000
346  1  1.000000 0.248018  0.431297  -4.975185  0.991293  -0.125918  0.038501  0.000000
347  1  1.000000 -1.298292  1.880360  4.447323  0.935431  -0.130851  0.328402  0.000000
348  1  1.000000 -2.081231  4.395366  1.161567  0.909068  0.397206  0.125789  0.000000
349  1  1.000000 -0.089543  4.959074  0.632117  0.589155  -0.091692  0.802801  0.000000
350  1  1.000000 0.450637  -4.407117  2.318241  0.605849  0.418019  0.676910  0.000000
351  1  1.000000 4.569854  -0.534013  1.957363  -0.383752  -0.541043  0.748336  0.000000
352  1  1.000000 -1.159968  3.618202  -3.250090  0.451346  -0.511875  -0.730938  0.000000
353  1  1.000000 -3.550643  -2.505979  2.472449  0.681434  -0.312590  0.661767  0.000000
354  1  1.000000 -4.804720  1.372431  -0.176348  -0.057701  -0.323369  -0.944512  0.000000
355  1  1.000000 -2.240657  3.948754  2.094468  -0.022206  -0.478267  0.877934  0.000000
356  1  1.000000 3.404226  1.545501  -3.320041  0.692726  -0.566183  0.446729  0.000000
357  1  1.000000 -3.681287  3.329368  0.602858  0.034874  0.215275  -0.975931  0.000000
358  1  1.000000 3.834935  -2.463929  -2.054831  0.560334  0.826455  0.054758  0.000000
359  1  1.000000 -4.615940  -1.530455  1.162241  0.344782  -0.926796  0.148914  0.000000
360  1  1.000000 2.556643  4.130392  -1.184667  0.541608  -0.095706  0.835166  0.000000
361  1  1.000000 3.236488  -1.016871  -3.673026  -0.606425  0.446475  -0.657958  0.000000
362  1  1.000000 -2.395015  1.396713  -4.160901  -0.122622  0.917427  0.378539  0.000000
363  1  1.000000 4.266186  0.245487  2.596035  -0.469040  0.507497  0.722806  0.000000
364  1  1.000000 -1.888688  -0.304308  -4.619551  0.185918  0.972529  -0.140076  0.000000
365  1  1.000000 1.424240  1.012610  -4.684673  0.395884  -0.915030  -0.077430  0.000000
366  1  1.000000 0.014599  4.784789  1.451062  0.225861  -0.283345  0.932042  0.000000
367  1  1.000000 1.399349  0.715926  -4.746501  0.815030  -0.557989  0.156122  0.000000
368  1  1.000000 0.487110  -4.093842  -2.828989  -0.945424  0.101478  -0.309637  0.000000
369  1  1.000000 4.963111  -0.521696  0.308808  0.118884  0.737428  -0.664881  0.000000
370  1  1.000000 -4.494333  -1.914544  1.065594  0.282745  -0.878310  -0.385522  0.000000
371  1  1.000000 -2.399911  4.135181  1.463116  0.188397  -0.228602  0.955117  0.000000
372  1  1.000000 2.724922  3.046479  -2.879890  0.812147  -0.212911  0.543219  0.000000
373  1  1.000000 -4.064951  2.752675  -0.948133  0.093256  -0.198351  -0.975684  0.000000
374  1  1.000000 -3.712116  -3.346120  0.153879  -0.666861  0.742634  0.061571  0.000000
375  1  1.000000 3.665316  -2.477392  2.329804  -0.311677  -0.853622  -0.417357  0.000000
376  1  1.000000 -1.713904  3.876615  -2.652243  -0.937522  -0.246499  0.245544  0.000000
377  1  1.000000 0.517184  -3.893897  3.093556  -0.574861  -0.554439  -0.601774  0.000000
378  1  1.000000 1.721858  -1.331800  4.501279  -0.831354  0.358995  0.424231  0.000000
379  1  1.000000 1.839626  3.022344  3.532876  -0.855831  -0.076973  0.511495  0.000000
380  1  1.000000 -1.756034  -1.242047  4.513719  -0.928332  0.217890  -0.301205  0.000000
381  1  1.000000 -0.423357  3.271566  -3.757343  0.342247  -0.689195  -0.638653  0.000000
382  1  1.000000 -2.293281  3.180422  -3.102544  -0.008697  -0.701468  -0.712647  0.000000
383  1  1.000000 1.497753  0.366809  4.756279  -0.162903  0.986331  -0.024769  0.000000
384  1  1.000000 -4.771054  -0.620431  -1.360924  0.258043  0.118812  -0.958800  0.000000
385  1  1.000000 4.922135  0.686440  -0.548984  0.027842  -0.738457  -0.673725  0.000000
386  1  1.000000 -3.408525  3.031739  -2.047075  -0.150227  0.431664  0.889437  0.000000
387  1  1.000000 2.403484  0.054960  4.384090  -0.832308  -0.309043  0.460169  0.000000
388  1  1.000000 -1.427951  -3.415899  3.360445  -0.926983  0.018965  -0.374624  0.000000
389  1  1.000000 4.541722  0.323675  2.065912  0.418117  -0.118286  -0.900659  0.000000
390  1  1.000000 3.566870  2.588535  2.361550  -0.202702  0.797602  -0.568105  0.000000
391  1  1.000000 3.201145  -3.507310  1.565709  -0.036806  0.379160  0.924599  0.000000
392  1  1.000000 -4.767851  1.150228  0.971892  -0.219127  -0.972715  0.076220  0.000000
393  1  1.000000 3.647754  -2.534436  2.295763  -0.264383  0.410142  0.872861  0.000000
394  1  1.000000 2.953443  -3.330153  -2.277555  0.620403  0.013921  0.784159  0.000000
395  1  1.000000 -4.158752  -1.801831  -2.111442  -0.551460  0.448771  0.703204  0.000000
396  1  1.000000 -3.080012  -3.937021  -0.115723  -0.763317  0.589383  0.264530  0.000000
397  1  1.000000 -1.011430  2.765492  -4.040924  -0.417715  0.697682  0.582026  0.000000
398  1  1.000000 3.740435  -2.804149  -1.773667  -0.337437  -0.781776  0.524368  0.000000
399  1  1.000000 -3.695540  -1.190485  -3.150513  0.589602  -0.681016  -0.434265  0.000000
400  1  1.000000 -4.778427  0.870266  -1.187127  -0.271109  -0.206010  0.940245  0.000000
401  1  1.000000 3.930908  2.810886  1.283307  -0.517420  0.371685  0.770796  0.000000
402  1  1.000000 2.509817  -2.868731  3.235923  0.834170  0.518822  -0.187042  0.000000
403  1  1.000000 -0.486993  -4.788467  1.354041  0.519301  -0.281028  -0.807063  0.000000
404  1  1.000000 -1.869467  4.492644  -1.149452  0.048541  0.266486  0.962616  0.000000
405  1  1.000000 -4.901472  -0.389749  -0.907563  -0.194644  0.537956  0.820193  0.000000
406  1  1.000000 2.816340  -0.052993  -4.131031  0.816436  -0.146704  0.558489  0.000000
407  1  1.000000 -4.024235  -0.245618  -2.957230  -0.243297  0.936289  0.253317  0.000000
408  1  1.000000 4.890427  -0.918214  0.490514  -0.190196  -0.979775  0.062173  0.000000
409  1  1.000000 -3.938444  -2.282325  2.068731  0.401773  0.128514  0.906677  0.000000
410  1  1.000000 -3.265420  -2.283160  -3.020632  -0.551288  -0.260261  0.792683  0.000000
411  1  1.000000 -3.320636  -0.762003  3.659608  -0.061382  -0.964582  -0.256542  0.000000
412  1  1.000000 -0.360070  -2.041340  4.550086  0.787178  -0.583562  -0.199515  0.000000
413  1  1.000000 -3.260595  1.344387  3.544170  0.625670  0.718869  0.302925  0.000000
414  1  1.000000 -0.273336  -1.208738  -4.843990  0.514243  0.824863  -0.234849  0.000000
415  1  1.000000 2.550110  -3.547713  -2.431187  0.827910  0.251599  0.501262  0.000000
416  1  1.000000 1.181120  0.662480  4.813115  -0.816331  -0.510294  0.270562  0.000000
417  1  1.000000 -4.823407  1.242416  0.437202  0.249450  0.755065  0.606343  0.000000
418  1  1.000000 -2.603193  1.738677  -3.898768  0.286845  -0.788967  -0.543370  0.000000
419  1  1.000000 2.751567  2.240057  3.522928  -0.425370  -0.575709  0.698298  0.000000
420  1  1.000000 -2.919638  -2.914731  -2.824899  0.578292  0.189739  -0.793459  0.000000
421  1  1.000000 -4.720173  1.648031  -0.062906  0.321999  0.912635  -0.251822  0.000000
422  1  1.000000 -1.414996  2.034281  -4.342751  -0.847571  0.317775  0.425020  0.000000
423  1  1.000000 3.759719  -0.851207  -3.184330  0.543107  -0.387596  0.744852  0.000000
424  1  1.000000 0.776611  -2.162072  4.440982  0.939210  -0.214051  -0.268453  0.000000
425  1  1.000000 -0.800541  -3.735513  -3.225690  0.550399  -0.610107  0.569939  0.000000
426  1  1.000000 -3.649909  0.843065  3.311707  -0.342617  0.748256  -0.568090  0.000000
427  1  1.000000 -3.745707  -3.279519  0.463068  0.064847  -0.211759  -0.975168  0.000000
428  1  1.000000 1.073269  1.804204  4.537945  0.905935  -0.420806  -0.046958  0.000000
429  1  1.000000 0.748721  -4.574667  1.873990  -0.983817  -0.175601  -0.035600  0.000000
430  1  1.000000 -4.522867  1.903368  -0.959616  -0.189706  0.043732  0.980866  0.000000
431  1  1.000000 3.643808  -3.398390  0.416667  0.545495  0.502662  -0.670646  0.000000
432  1  1.000000 -0.889103  -4.723489  1.377732  0.670623  0.088586  0.736490  0.000000
433  1  1.000000 2.191122  -4.383990  -0.989758  0.774385  0.256453  0.578411  0.000000
434  1  1.000000 2.780662  -3.223700  2.622150  -0.828332  -0.481395  0.286574  0.000000
435  1  1.000000 1.719023  -4.588282  -0.996306  0.829204  0.197090  0.523046  0.000000
436  1  1.000000 -1.366555  -0.237439  4.803764  0.532142  0.824565  0.192138  0.000000
437  1  1.000000 -1.911210  -4.195175  1.935920  0.476676  -0.537986  -0.695234  0.000000
438  1  1.000000 4.197415  0.569115  -2.656655  -0.139574  0.990176  -0.008404  0.000000
439  1  1.000000 0.695553  2.227528  -4.422027  -0.804180  0.571986  0.161638  0.000000
440  1  1.000000 1.718097  0.160227  -4.692811  -0.246791  -0.961209  -0.123172  0.000000
441  1  1.000000 -3.732909  -1.007117  3.170348  -0.344977  0.932133  -0.110083  0.000000
442  1  1.000000 2.886552  0.441681  4.058662  0.714141  -0.536607  -0.449506  0.000000
443  1  1.000000 -4.896704  0.687528  -0.741347  0.200533  0.754809  -0.624540  0.000000
444  1  1.000000 4.941641  0.434326  0.625735  0.132664  -0.894582  -0.426758  0.000000
445  1  1.000000 -0.889377  4.920146  -0.034203  -0.972922  -0.174817  0.151201  0.000000
446  1  1.000000 4.280299  2.255841  1.261040  0.345240  -0.135964  -0.928613  0.000000
447  1  1.000000 0.577063  -4.768258  1.389501  0.961370  0.036857  -0.272780  0.000000
448  1  1.000000 -0.838345  -1.280533  4.759980  0.348205  0.888041  0.300228  0.000000
449  1  1.000000 2.133068  0.447412  4.499983  0.760412  -0.574238  -0.303355  0.000000
450  1  1.000000 -0.024847  1.982114  4.590273  -0.155637  0.906572  -0.392307  0.000000
451  1  1.000000 -2.307388  -3.433294  -2.808638  0.616710  0.206866  -0.759523  0.000000
452  1  1.000000 1.405159  -1.445820  -4.575493  -0.845998  0.375551  -0.378482  0.000000
453  1  1.000000 1.243970  4.623640  1.440311  -0.333400  0.361004  -0.870931  0.000000
454  1  1.000000 -4.492963  2.193371  -0.049038  0.082564  0.190994  0.978113  0.000000
455  1  1.000000 -3.858857  0.455289  3.146734  -0.128616  0.946887  -0.294724  0.000000
456  1  1.000000 -4.511707  -0.793741  2.003615  0.225928  0.617549  0.753386  0.000000
457  1  1.000000 -1.656835  -4.686517  -0.539862  -0.047203  0.130764  -0.990289  0.000000
458  1  1.000000 -4.926539  0.807057  0.279063  0.109055  0.343114  0.932941  0.000000
459  1  1.000000 -3.253056  -0.633540  -3.743829  0.364635  -0.917011  -0.161657  0.000000
460  1  1.000000 -2.640995  -4.244530  -0.095469  0.290063  -0.201523  0.935549  0.000000
461  1  1.000000 -1.803824  2.714742  -3.791621  -0.924598  -0.101548  0.367161  0.000000
462  1  1.000000 -1.407022  -1.066719  4.677863  -0.105002  -0.962271  -0.251015  0.000000
463  1  1.000000 4.568206  0.201316  -2.022613  -0.099312  -0.942826  -0.318145  0.000000
464  1  1.000000 4.209903  1.521949  -2.227192  0.132854  0.683234  0.718012  0.000000
465  1  1.000000 3.804303  -0.789101  3.147157  0.636132  0.372981  -0.675441  0.000000
466  1  1.000000 -0.340467  1.192938  -4.843654  -0.087746  -0.968654  -0.232401  0.000000
467  1  1.000000 0.938144  3.380554  3.562547  -0.981816  0.107791  0.156262  0.000000
468  1  1.000000 0.424042  4.980764  0.110358  0.993944  -0.083025  -0.071987  0.000000
469  1  1.000000 0.691085  -3.743578  -3.241608  -0.558450  -0.599534  0.573316  0.000000
470  1  1.000000 -1.624536  1.863732  4.345962  0.925086  -0.065791  0.374015  0.000000
471  1  1.000000 -3.737173  -0.019495  3.321620  -0.650790  0.205201  -0.731003  0.000000
472  1  1.000000 1.496785  2.191751  4.237436  -0.620148  -0.585635  0.521965  0.000000
473  1  1.000000 3.727233  0.825216  -3.229048  -0.594037  -0.275010  -0.755969  0.000000
474  1  1.000000 3.831501  1.424661  -2.879225  0.533526  -0.781571  0.323258  0.000000
475  1  1.000000 -4.688326  1.035027  1.395823  0.104929  -0.597150  0.795237  0.000000
476  1  1.000000 0.495384  4.914534  0.775857  0.286490  -0.177512  0.941495  0.000000
477  1  1.000000 2.309187  2.896313  3.358426  0.702079  -0.701525  0.122260  0.000000
478  1  1.000000 -3.836302  -2.223280  2.310803  0.036105  -0.749427  -0.661102  0.000000
479  1  1.000000 -3.057155  -1.567115  3.632899  0.790971  -0.215685  0.572578  0.000000
480  1  1.000000 -0.807829  3.186721  -3.767257  0.117864  -0.745555  -0.655939  0.000000
481  1  1.000000 -2.897605  1.309083  -3.858781  0.164770  -0.889790  -0.425587  0.000000
482  1  1.000000 0.982713  -4.889944  -0.350319  -0.890595  -0.207956  0.404468  0.000000
483  1  1.000000 1.173113  -1.392528  4.656680  0.448877  -0.818778  -0.357928  0.000000
484  1  1.000000 3.952190  1.665602  2.570206  -0.371327  0.928004  -0.030399  0.000000
485  1  1.000000 -4.818781  -0.862211  -1.017814  0.249321  -0.853695  -0.457214  0.000000
486  1  1.000000 -0.898372  4.531399  1.912942  -0.858556  0.045383  -0.510707  0.000000
487  1  1.000000 0.135915  4.979177  -0.435115  -0.986281  0.012538  -0.164601  0.000000
488  1  1.000000 1.157617  4.272880  2.324310  -0.347822  0.518975  -0.780823  0.000000
489  1  1.000000 0.335960  1.334629  -4.806859  0.115390  -0.959163  -0.258248  0.000000
490  1  1.000000 -0.605616  -4.004614  -2.931944  -0.070471  -0.582309  0.809907  0.000000
491  1  1.000000 -3.579251  -0.218847  -3.484404  -0.689281  -0.115193  0.715278  0.000000
492  1  1.000000 2.540968  2.942859  -3.143734  0.815983  -0.562596  0.132883  0.000000
493  1  1.000000 2.054234  -1.422317  -4.330951  -0.776821  0.388098  -0.495912  0.000000
494  1  1.000000 -2.071033  -1.116147  -4.411920  -0.044639  -0.963309  0.264656  0.000000
495  1  1.000000 1.227519  -1.767675  -4.513150  0.856501  0.515203  0.031167  0.000000
496  1  1.000000 -2.812225  -0.219043  4.128367  -0.784908  0.342243  -0.516517  0.000000
497  1  1.000000 3.027080  -3.781308  1.240360  -0.219925  0.140594  0.965332  0.000000
498  1  1.000000 2.717056  2.245608  3.546103  0.830038  -0.161194  -0.533904  0.000000
499  1  1.000000 1.411979  -0.690334  -4.746552  0.693543  -0.654302  0.301473  0.000000
500  1  1.000000 2.029123  4.096402  -2.025376  0.783584  -0.083766  0.615614  0.000000
501  1  1.000000 -0.818604  3.940360  2.967061  0.324764  -0.524942  0.786743  0.000000
502  1  1.000000 3.692495  2.718114  -1.994327  -0.668080  0.669841  -0.324008  0.000000
503  1  1.000000 4.901564  0.497511  0.852735  -0.149669  -0.188911  0.970521  0.000000
504  1  1.000000 3.292024  1.329530  3.520643  0.570868  0.433268  -0.697416  0.000000
505  1  1.000000 1.129367  -1.258689  -4.705341  -0.282863  0.907464  -0.310641  0.000000
506  1  1.000000 1.792422  -4.361743  -1.662053  -0.891417  -0.425623  0.155629  0.000000
507  1  1.000000 1.926697  3.532543  2.967992  -0.919318  0.238298  0.313158  0.000000
508  1  1.000000 -1.910990  -2.221352  4.051384  0.637793  -0.761332  -0.116595  0.000000
509  1  1.000000 1.571332  1.621240  4.461221  -0.232034  -0.885121  0.403387  0.000000
510  1  1.000000 2.640792  1.340272  -4.028633  -0.462715  0.886467  -0.008397  0.000000
511  1  1.000000 -4.334702  0.631000  -2.410850  -0.474680  0.085898  0.875957  0.000000
512  1  1.000000 3.996620  -0.587864  -2.946429  0.577826  0.419539  0.700074  0.000000
513  1  1.000000 -3.386691  -3.100718  1.978857  0.133812  -0.632853  -0.762621  0.000000
514  1  1.000000 2.085884  -4.422396  1.044748  -0.140525  0.164370  0.976338  0.000000
515  1  1.000000 3.279725  -3.770269  -0.168736  -0.753592  -0.651695  -0.085981  0.000000
516  1  1.000000 -3.698862  0.038310  3.364067  0.556832  -0.554364  0.618562  0.000000
517  1  1.000000 2.214251  -2.934706  3.388893  -0.843934  -0.017616  0.536158  0.000000
518  1  1.000000 -2.670421  -4.060930  1.173756  -0.697990  0.580278  0.419628  0.000000
519  1  1.000000 -2.523911  2.765122  3.314208  -0.589346  -0.781833  0.203490  0.000000
520  1  1.000000 -3.398795  -1.754638  -3.220161  0.384215  0.577592  -0.720254  0.000000
521  1  1.000000 4.283638  2.254063  -1.252855  -0.287498  0.820754  0.493667  0.000000
522  1  1.000000 2.758559  1.707244  3.804690  -0.831381  0.297879  0.469121  0.000000
523  1  1.000000 0.051458  -1.106035  -4.875863  -0.873962  0.471882  -0.116265  0.000000
524  1  1.000000 0.636167  -3.781561  3.208596  0.793025  0.466164  0.392175  0.000000
525  1  1.000000 0.223687  -3.431904  3.629325  0.935830  -0.225478  -0.270891  0.000000
526  1  1.000000 -2.138905  -2.019708  -4.043002  0.383406  0.729027  -0.567027  0.000000
527  1  1.000000 4.938516  -0.746713  -0.231263  0.086235  0.767184  -0.635604  0.000000
528  1  1.000000 0.897768  2.301690  -4.346980  -0.479301  0.812705  0.331332  0.000000
529  1  1.000000 -4.647858  1.096067  -1.481909  0.113777  -0.594126  -0.796285  0.000000
530  1  1.000000 -2.393216  3.597911  2.515463  0.704882  -0.026704  0.708822  0.000000
531  1  1.000000 -2.361807  2.392398  3.701122  -0.861925  -0.075169  -0.501433  0.000000
532  1  1.000000 1.456758  -2.421883  4.124602  0.737012  0.663409  0.129237  0.000000
533  1  1.000000 -4.292413  -1.599590  -2.004122  -0.271586  0.946585  -0.173835  0.000000
534  1  1.000000 0.706170  -0.751635  -4.892481  -0.238084  -0.964552  0.113820  0.000000
535  1  1.000000 -2.963868  -3.740122  -1.492305  0.140723  -0.461089  0.876124  0.000000
536  1  1.000000 -1.384924  4.128290  2.457480  -0.765080  0.119949  -0.632665  0.000000
537  1  1.000000 0.145463  2.815625  -4.129297  -0.348672  -0.768598  -0.536363  0.000000
538  1  1.000000 -0.606758  -4.924577  0.616754  0.924185  -0.066771  0.376065  0.000000
539  1  1.000000 -1.991107  -4.574317  0.333342  -0.576111  0.192888  -0.794286  0.000000
540  1  1.000000 -4.774227  0.351103  -1.443427  0.283836  0.502724  -0.816521  0.000000
541  1  1.000000 0.565228  1.984956  -4.554170  -0.794012  0.587177  0.157377  0.000000
542  1  1.000000 -0.836417  -4.886489  -0.650104  -0.983068  0.175349  -0.053201  0.000000
543  1  1.000000 1.839990  -4.165913  2.063881  -0.885598  -0.178778  0.428666  0.000000
544  1  1.000000 0.568098  -4.221799  -2.617953  -0.396493  0.444683  -0.803150  0.000000
545  1  1.000000 -3.466985  -3.395782  1.203614  -0.574288  0.319116  -0.753896  0.000000
546  1  1.000000 3.306676  0.833465  3.656670  -0.433358  -0.710900  0.553915  0.000000
547  1  1.000000 -2.032980  -3.395718  -3.055502  -0.792910  0.594593  -0.133235  0.000000
548  1  1.000000 1.392745  -3.781101  2.960328  0.108032  0.637222  0.763071  0.000000
549  1  1.000000 2.331491  3.794046  2.273623  0.741429  -0.615623  0.267005  0.000000
550  1  1.000000 -4.453629  2.089648  -0.893620  0.427151  0.635202  -0.643475  0.000000
551  1  1.000000 2.951440  2.841728  2.865936  -0.271879  0.808598  -0.521777  0.000000
552  1  1.000000 3.470988  -3.546850  -0.610000  -0.645626  -0.688598  0.330153  0.000000
553  1  1.000000 -2.197114  3.759616  -2.457230  -0.464752  -0.658488  -0.591946  0.000000
554  1  1.000000 -2.270436  -1.133742  4.308103  -0.681963  -0.533877  -0.499903  0.000000
555  1  1.000000 -4.420823  -0.748773  2.212614  -0.465116  0.371006  -0.803754  0.000000
556  1  1.000000 -2.574828  1.879677  -3.851893  -0.073043  0.876191  0.476397  0.000000
557  1  1.000000 -0.804132  -4.802216  -1.136701  -0.962294  0.203784  -0.180173  0.000000
558  1  1.000000 -2.161172  -4.496889  -0.327607  0.783315  -0.338471  -0.521398  0.000000
559  1  1.000000 1.312409  -4.414527  -1.946671  -0.314904  -0.459769  0.830330  0.000000
560  1  1.000000 3.163497  3.869421  -0.140963  -0.193506  0.193245  0.961879  0.000000
561  1  1.000000 -1.262520  -1.773282  -4.501279  0.284256  -0.916539  0.281343  0.000000
562  1  1.000000 2.047598  -2.601709  -3.746792  0.794320  -0.200639  0.573411  0.000000
563  1  1.000000 1.525147  2.664960  3.946127  -0.839603  -0.240621  0.487000  0.000000
564  1  1.000000 1.468486  -3.925309  -2.726812  0.705386  -0.207039  0.677913  0.000000
565  1  1.000000 -1.410370  -0.242887  -4.790810  0.100299  -0.994738  0.020905  0.000000
566  1  1.000000 0.319564  1.928734  4.601941  0.850548  -0.503468  0.151947  0.000000
567  1  1.000000 -4.686291  1.607527  -0.674193  -0.345768  -0.807699  0.477564  0.000000
568  1  1.000000 1.946950  1.577094  4.326911  0.800757  -0.580203  -0.148836  0.000000
569  1  1.000000 -3.590475  3.085686  1.608425  0.572444  0.786648  -0.231284  0.000000
570  1  1.000000 -2.337002  4.406194  0.351959  0.781386  0.374569  0.499134  0.000000
571  1  1.000000 -0.056325  -1.212402  4.850455  -0.589819  -0.781794  -0.202264  0.000000
572  1  1.000000 3.812017  -2.919166  1.395350  -0.256756  -0.668789  -0.697708  0.000000
573  1  1.000000 1.612397  -3.880356  2.709800  -0.271295  0.472752  0.838394  0.000000
574  1  1.000000 1.110837  3.035687  3.814530  0.525986  -0.733469  0.430537  0.000000
575  1  1.000000 0.395739  4.927106  -0.753004  0.500735  0.091332  0.860769  0.000000
576  1  1.000000 3.297758  3.596082  -1.092238  0.417878  -0.592415  -0.688783  0.000000
577  1  1.000000 -2.885608  -2.285462  -3.383775  -0.772096  0.035397  0.634519  0.000000
578  1  1.000000 1.120905  -2.119308  -4.387722  -0.971263  -0.171045  -0.165507  0.000000
579  1  1.000000 -2.893422  -3.949603  -1.014271  0.794606  -0.602112  0.077861  0.000000
580  1  1.000000 1.990409  -3.999411  -2.245660  -0.750761  -0.002728  -0.660568  0.000000
581  1  1.000000 -3.358263  -1.259908  -3.483489  -0.555441  0.793571  0.248455  0.000000
582  1  1.000000 -1.641931  2.817529  3.790197  -0.549286  -0.766817  0.332078  0.000000
583  1  1.000000 4.900156  -0.810781  -0.575415  0.190879  0.605035  0.772980  0.000000
584  1  1.000000 4.768668  1.075162  1.050635  -0.294519  0.527757  0.796700  0.000000
585  1  1.000000 0.813256  1.079830  -4.813791  -0.073247  -0.970416  -0.230058  0.000000
586  1  1.000000 -2.216602  0.289476  -4.472458  0.124053  -0.984346  -0.125193  0.000000
587  1  1.000000 0.408987  -0.663942  -4.938817  -0.508735  0.846680  -0.155951  0.000000
588  1  1.000000 -1.283514  3.473646  -3.359521  0.965001  0.222817  -0.138295  0.000000
589  1  1.000000 0.476397  -4.877782  -0.990096  -0.892425  -0.171842  0.417191  0.000000
590  1  1.000000 2.401054  -3.921154  1.964558  -0.846618  -0.297233  0.441463  0.000000
591  1  1.000000 2.244995  -3.334403  2.973509  -0.497813  -0.739398  -0.453291  0.000000
592  1  1.000000 3.694930  0.739618  3.286405  -0.640697  -0.147399  0.753513  0.000000
593  1  1.000000 -2.840643  2.259212  3.438998  0.238496  -0.709513  0.663107  0.000000
594  1  1.000000 -3.978375  2.199288  -2.082226  -0.174613  -0.824892  -0.537646  0.000000
595  1  1.000000 -3.111590  -3.266029  -2.156632  -0.433883  -0.170779  0.884636  0.000000
596  1  1.000000 -0.923984  4.758166  -1.227238  0.940310  0.098586  -0.325727  0.000000
597  1  1.000000 -0.725064  -4.297275  -2.451064  -0.788298  -0.199068  0.582202  0.000000
598  1  1.000000 4.950319  -0.688291  0.143519  0.140613  0.971135  -0.192678  0.000000
599  1  1.000000 3.783507  0.849116  -3.156593  0.168927  0.882088  0.439756  0.000000
600  1  1.000000 2.171123  -4.017729  2.035701  0.893432  0.326466  -0.308542  0.000000
601  1  1.000000 -1.061777  2.932829  3.907831  -0.035137  0.794707  -0.605975  0.000000
602  1  1.000000 -3.851412  -3.186656  0.108857  -0.122493  0.114369  -0.985858  0.000000
603  1  1.000000 4.207665  2.346820  -1.337159  0.266118  -0.791013  -0.550890  0.000000
604  1  1.000000 -0.466755  4.976865  0.113826  -0.706000  -0.050055  -0.706441  0.000000
605  1  1.000000 -1.450077  -3.981351  2.654453  0.620080  -0.578886  -0.529520  0.000000
606  1  1.000000 2.902165  3.112965  -2.624288  -0.682379  0.723603  0.103714  0.000000
607  1  1.000000 3.117604  -2.030551  -3.340270  -0.698545  0.094327  -0.709321  0.000000
608  1  1.000000 1.762617  1.562715  4.410340  -0.782384  0.615574  0.094568  0.000000
609  1  1.000000 1.303310  0.844872  -4.752639  -0.954335  -0.103738  -0.280147  0.000000
610  1  1.000000 -3.731543  -3.304305  -0.396430  0.039079  0.075408  -0.996387  0.000000
611  1  1.000000 0.571490  -4.737025  -1.494656  -0.957405  -0.024731  -0.287688  0.000000
612  1  1.000000 -1.978458  -2.992196  -3.483169  -0.188631  -0.689411  0.699378  0.000000
613  1  1.000000 4.671069  0.807670  1.590214  -0.207951  0.971039  0.117640  0.000000
614  1  1.000000 3.116330  -0.136397  -3.907670  0.017673  0.999627  -0.020798  0.000000
615  1  1.000000 0.924724  -2.362878  4.308329  -0.534680  0.687279  0.491696  0.000000
616  1  1.000000 -4.951922  0.649668  0.237491  -0.107776  -0.509400  -0.853754  0.000000
617  1  1.000000 -4.676479  -1.764094  0.136062  0.180104  -0.408425  0.894847  0.000000
618  1  1.000000 -4.518455  0.744423  2.007336  -0.418789  -0.502671  -0.756266  0.000000
619  1  1.000000 -3.725807  -1.334043  3.055927  0.637968  -0.552147  0.536778  0.000000
620  1  1.000000 0.329528  1.447153  -4.774637  0.892338  0.411168  0.186208  0.000000
621  1  1.000000 1.658438  -0.867762  -4.636440  -0.708302  0.603436  -0.366297  0.000000
622  1  1.000000 -2.195454  -4.266369  -1.406439  0.837918  -0.501891  0.214474  0.000000
623  1  1.000000 2.554663  2.233991  -3.671918  -0.827833  0.025568  -0.560392  0.000000
624  1  1.000000 3.698583  -1.570386  2.975630  0.122077  -0.807086  -0.577676  0.000000
625  1  1.000000 1.712063  0.942006  -4.602332  -0.899809  0.347674  -0.263566  0.000000
626  1  1.000000 -3.519916  -0.986534  -3.411296  -0.689047  -0.043047  0.723437  0.000000
627  1  1.000000 -4.155231  -2.351063  1.485451  0.095732  0.405245  0.909182  0.000000
628  1  1.000000 3.917732  0.910983  -2.970099  0.173541  0.853819  0.490792  0.000000
629  1  1.000000 -0.261862  -3.313510  3.735248  0.416850  0.665279  0.619387  0.000000
630  1  1.000000 -4.168052  0.482685  -2.719257  0.117512  0.993064  -0.003847  0.000000
631  1  1.000000 -3.212317  -3.668344  -1.106468  0.680676  -0.679008  0.275006  0.000000
632  1  1.000000 2.908999  0.737934  3.999147  0.560948  0.639270  -0.525996  0.000000
633  1  1.000000 2.595971  -4.133483  -1.084090  -0.840270  -0.540107  0.047234  0.000000
634  1  1.000000 3.147540  -3.873942  0.292514  -0.758655  -0.596643  0.261650  0.000000
635  1  1.000000 -1.599909  2.605627  3.956134  -0.502811  -0.801227  0.324369  0.000000
636  1  1.000000 0.760094  4.876023  0.804150  -0.276650  0.198201  -0.940309  0.000000
637  1  1.000000 -0.403042  -4.921604  0.784455  0.740550  -0.164497  -0.651557  0.000000
638  1  1.000000 4.004959  -2.889569  0.781468  0.020440  -0.234515  -0.971898  0.000000
639  1  1.000000 1.215680  -3.991592  2.754871  -0.840602  -0.456849  -0.290994  0.000000
640  1  1.000000 -4.495541  -0.606897  -2.102805  0.044717  0.930289  -0.364092  0.000000
641  1  1.000000 1.244191  -3.421811  3.426835  0.648078  0.643521  0.407278  0.000000
642  1  1.000000 0.760428  -3.372803  -3.611917  0.636116  0.626195  -0.450817  0.000000
643  1  1.000000 -1.730852  -4.678342  0.342446  0.446115  -0.099949  0.889377  0.000000
644  1  1.000000 3.129589  0.768172  -3.823034  -0.044841  0.985872  0.161387  0.000000
645  1  1.000000 1.800037  -2.616532  3.861816  -0.602910  0.501279  0.620660  0.000000
646  1  1.000000 -4.020328  -2.510077  1.592633  0.322908  -0.818590  -0.475017  0.000000
647  1  1.000000 2.587669  2.550702  3.434805  0.694671  0.218253  -0.685418  0.000000
648  1  1.000000 4.760720  -0.584594  1.412020  0.290160  0.055352  -0.955376  0.000000
649  1  1.000000 -3.341421  -2.859192  -2.379060  -0.742981  0.481183  0.465233  0.000000
650  1  1.000000 -3.419424  -3.473533  -1.114498  -0.723944  0.608214  0.325547  0.000000
651  1  1.000000 3.155694  -1.973668  -3.338597  0.691260  -0.104287  0.715041  0.000000
652  1  1.000000 -0.506240  4.526119  -2.063484  0.962948  -0.015055  -0.269265  0.000000
653  1  1.000000 -1.744289  0.134167  -4.683957  -0.710893  0.643773  0.283174  0.000000
654  1  1.000000 0.365919  -2.577959  -4.268516  -0.828438  0.445169  -0.339876  0.000000
655  1  1.000000 -0.934687  2.930735  3.941719  0.520815  -0.621296  0.585443  0.000000
656  1  1.000000 -4.230109  -2.231795  1.457831  -0.223389  0.793335  0.566319  0.000000
657  1  1.000000 -2.999612  -3.999156  -0.095286  -0.741285  0.546733  0.389332  0.000000
658  1  1.000000 2.315891  -3.614360  -2.563796  -0.847369  -0.530724  -0.017235  0.000000
659  1  1.000000 1.914310  2.553114  3.849290  -0.698703  -0.385115  0.602910  0.000000
660  1  1.000000 -0.444869  4.456460  2.223073  -0.893799  0.125546  -0.430536  0.000000
661  1  1.000000 3.936047  2.839129  1.202864  -0.244276  0.645313  -0.723810  0.000000
662  1  1.000000 0.587331  1.424180  4.756759  0.607501  0.737214  -0.295733  0.000000
663  1  1.000000 0.450842  4.208169  2.662341  -0.357372  -0.471697  0.806094  0.000000
664  1  1.000000 -1.143097  -3.925511  2.878141  -0.140813  0.611738  0.778427  0.000000
665  1  1.000000 0.592206  -4.703377  -1.589823  0.870631  -0.055596  0.488786  0.000000
666  1  1.000000 2.024727  -4.484327  0.889544  -0.673037  -0.424084  -0.605949  0.000000
667  1  1.000000 -1.133255  4.865078  0.216215  -0.354194  -0.123701  0.926955  0.000000
668  1  1.000000 3.042957  3.091978  2.485977  0.019258  -0.637925  0.769858  0.000000
669  1  1.000000 -0.557963  -0.221327  -4.963838  0.251059  0.965345  -0.071263  0.000000
670  1  1.000000 -3.064804  -3.182854  2.340175  0.512592  -0.771172  -0.377550  0.000000
671  1  1.000000 2.529162  3.910459  -1.819794  -0.787547  0.246524  -0.564797  0.000000
672  1  1.000000 4.298500  -1.944882  -1.655396  0.069457  0.731158  -0.678663  0.000000
673  1  1.000000 -3.289586  2.260767  3.011239  0.520127  0.851148  -0.070817  0.000000
674  1  1.000000 1.164411  3.914351  2.884789  -0.431436  0.614862  -0.660157  0.000000
675  1  1.000000 -2.741465  3.195382  2.697018  0.240760  0.738317  -0.630018  0.000000
676  1  1.000000 4.172634  -0.249043  -2.743557  0.481700  0.549393  0.682739  0.000000
677  1  1.000000 -2.937821  -3.977174  -0.742493  0.610456  -0.556200  0.563902  0.000000
678  1  1.000000 4.931228  -0.057039  0.824464  -0.003776  -0.998910  -0.046524  0.000000
679  1  1.000000 3.171187  -0.262790  3.856749  0.034728  0.998616  0.039489  0.000000
680  1  1.000000 1.468952  -1.524251  4.529772  0.879241  0.458008  -0.131010  0.000000
681  1  1.000000 2.863804  -3.436643  -2.233408  0.421893  0.714380  -0.558273  0.000000
682  1  1.000000 1.639019  0.404628  -4.706367  -0.502310  0.858757  -0.101101  0.000000
683  1  1.000000 -1.467687  -1.302262  4.598914  0.751168  -0.657947  0.053417  0.000000
684  1  1.000000 -0.875555  -4.671213  1.553439  -0.958835  0.090175  -0.269264  0.000000
685  1  1.000000 -3.347588  0.670083  -3.653032  -0.201984  -0.979374  0.005446  0.000000
686  1  1.000000 2.190033  -1.650722  4.180774  0.113435  -0.902392  -0.415718  0.000000
687  1  1.000000 0.561361  -1.613780  -4.698999  -0.801544  -0.588407  0.106321  0.000000
688  1  1.000000 3.177290  3.850359  -0.282062  0.039327  0.040686  0.998398  0.000000
689  1  1.000000 2.681329  2.123255  3.647227  0.044502  0.848794  -0.526847  0.000000
690  1  1.000000 -2.525747  1.878849  3.884653  -0.836841  -0.433368  -0.334500  0.000000
691  1  1.000000 -3.838990  -3.203452  -0.007016  -0.320812  0.386353  -0.864761  0.000000
692  1  1.000000 -1.813652  -3.106570  -3.472735  -0.771542  0.618220  -0.150093  0.000000
693  1  1.000000 -3.874650  -1.976223  -2.466097  0.621106  -0.620776  -0.478398  0.000000
694  1  1.000000 1.718729  0.416653  4.676791  -0.269861  -0.945274  0.183388  0.000000
695  1  1.000000 -1.557225  3.391792  -3.327281  0.838851  -0.132755  -0.527926  0.000000
696  1  1.000000 2.462006  3.530872  2.543908  0.501277  -0.707966  0.497499  0.000000
697  1  1.000000 1.575375  -3.262040  3.446344  0.948232  0.185946  -0.257449  0.000000
698  1  1.000000 -4.261979  0.246584  -2.602832  0.258218  0.905387  -0.337043  0.000000
699  1  1.000000 -4.514640  0.878183  1.961332  -0.232146  0.568796  -0.789037  0.000000
700  1  1.000000 -1.167038  -4.509399  1.817510  -0.164719  0.405097  0.899313  0.000000
701  1  1.000000 -3.422049  1.852935  -3.139460  0.098343  -0.806399  -0.583138  0.000000
702  1  1.000000 1.160123  4.080627  -2.646242  0.603250  -0.547556  -0.579889  0.000000
703  1  1.000000 -2.884215  -0.590517  -4.041360  0.490210  0.741455  -0.458191  0.000000
704  1  1.000000 -0.867069  1.626015  4.648039  -0.326057  -0.909635  0.257392  0.000000
705  1  1.000000 -1.637073  2.475353  4.024005  0.379376  -0.711201  0.591833  0.000000
706  1  1.000000 0.208815  2.836075  4.112551  -0.874556  0.418821  -0.244419  0.000000
707  1  1.000000 -3.899434  -2.951834  -1.039756  0.608547  -0.792903  -0.031227  0.000000
708  1  1.000000 -4.650342  1.800092  0.366041  0.014137  0.234190  -0.972088  0.000000
709  1  1.000000 -4.446374  -2.183004  0.681360  -0.138409  0.540862  0.829645  0.000000
710  1  1.000000 -3.197078  -3.434488  -1.727132  0.573603  -0.725346  0.380595  0.000000
711  1  1.000000 2.880300  3.174031  -2.574762  0.665287  -0.730141  -0.155844  0.000000
712  1  1.000000 -0.032543  4.068106  2.906795  -0.800838  0.343918  -0.490285  0.000000
713  1  1.000000 4.805952  -0.350096  -1.334263  0.070028  0.997500  -0.009495  0.000000
714  1  1.000000 1.838201  -0.731181  -4.591992  -0.431736  -0.901525  -0.029277  0.000000
715  1  1.000000 -3.879824  3.145097  0.235219  -0.625439  -0.757576  -0.186826  0.000000
716  1  1.000000 2.734529  -1.698969  -3.825684  -0.698550  -0.688943  -0.193354  0.000000
717  1  1.000000 3.718385  -1.493685  2.990405  -0.480510  -0.860845  0.167499  0.000000
718  1  1.000000 1.340844  -4.691898  1.090059  -0.359946  -0.307508  -0.880839  0.000000
719  1  1.000000 0.823011  -0.066233  4.931355  -0.438705  -0.896546  0.061176  0.000000
720  1  1.000000 -4.652597  -1.632794  -0.829051  0.216519  -0.125362  -0.968196  0.000000
721  1  1.000000 -4.868669  -0.534201  1.005333  -0.113173  0.993369  -0.020235  0.000000
722  1  1.000000 3.281517  -1.201070  -3.576182  0.280205  -0.802567  0.526661  0.000000
723  1  1.000000 2.908970  2.486253  3.218142  -0.126578  0.837058  -0.532271  0.000000
724  1  1.000000 -3.706550  -3.293974  -0.641267  -0.230695  0.429559  -0.873074  0.000000
725  1  1.000000 0.180412  -3.974914  -3.027789  0.850211  0.342876  -0.399471  0.000000
726  1  1.000000 -4.328331  -1.877208  -1.655790  -0.490683  0.505162  0.709959  0.000000
727  1  1.000000 3.419177  -3.380488  -1.371689  0.283250  -0.100514  0.953764  0.000000
728  1  1.000000 -2.743790  -3.695191  1.953761  0.657189  -0.670262  -0.344750  0.000000
729  1  1.000000 -0.103183  4.372511  2.422912  -0.434131  0.428769  -0.792267  0.000000
730  1  1.000000 -0.743519  3.457460  3.534565  0.134838  0.722363  -0.678241  0.000000
731  1  1.000000 0.542771  4.446440  -2.221390  0.437269  0.358645  0.824724  0.000000
732  1  1.000000 -0.664538  -3.133710  3.839043  0.588298  -0.673339  -0.447794  0.000000
733  1  1.000000 0.446136  -3.787415  3.233644  -0.458180  -0.607753  -0.648619  0.000000
734  1  1.000000 -1.782265  0.716773  -4.616251  -0.650448  -0.747444  0.135071  0.000000
735  1  1.000000 0.464532  3.142008  3.861605  0.925998  -0.339599  0.164923  0.000000
736  1  1.000000 -3.469965  -3.465992  -0.972753  -0.565328  0.357321  0.743455  0.000000
737  1  1.000000 2.032391  4.276811  -1.605702  -0.881004  0.460073  0.110293  0.000000
738  1  1.000000 -4.100924  0.251026  -2.849458  -0.545381  0.232248  0.805370  0.000000
739  1  1.000000 -1.799663  0.549014  -4.632472  -0.549979  0.777193  0.305769  0.000000
740  1  1.000000 1.907058  4.582268  -0.604939  -0.885969  0.325060  -0.330750  0.000000
741  1  1.000000 2.931628  -3.689314  1.671682  0.290643  0.576856  0.763390  0.000000
742  1  1.000000 2.733023  -2.676667  -3.219634  -0.744139  -0.663177  -0.080333  0.000000
743  1  1.000000 -0.930062  -2.796101  -4.039407  0.416927  0.699612  -0.580272  0.000000
744  1  1.000000 -0.831722  4.474137  2.071313  0.045686  0.426658  -0.903258  0.000000
745  1  1.000000 -4.192162  2.409725  1.272402  0.298994  0.797141  -0.524566  0.000000
746  1  1.000000 -2.342002  3.904739  2.065923  -0.538783  -0.623118  0.566954  0.000000
747  1  1.000000 1.663610  3.813851  2.772534  -0.863735  0.482500  -0.145451  0.000000
748  1  1.000000 -1.293911  1.778316  4.490366  0.511417  -0.738290  0.439751  0.000000
749  1  1.000000 4.245275  0.094641  2.639826  0.485984  -0.419901  -0.766488  0.000000
750  1  1.000000 -4.023145  -2.559233  -1.504868  -0.566028  0.508045  0.649232  0.000000
751  1  1.000000 0.829470  -2.324789  -4.348257  0.735734  0.645563  -0.204802  0.000000
752  1  1.000000 -1.391853  3.273146  3.514152  -0.134027  -0.751070  0.646476  0.000000
753  1  1.000000 0.868579  4.891236  0.566900  0.742246  -0.054395  -0.667916  0.000000
754  1  1.000000 -1.719660  4.006499  2.447599  -0.933221  -0.233972  -0.272681  0.000000
755  1  1.000000 -1.752564  3.173118  3.443812  -0.785456  0.201355  -0.585248  0.000000
756  1  1.000000 3.581770  -2.138440  -2.756447  -0.207114  -0.884840  0.417328  0.000000
757  1  1.000000 2.491299  1.571834  4.040144  0.404357  -0.908649  0.104173  0.000000
758  1  1.000000 -0.937777  3.326011  -3.613616  0.279220  0.741533  0.610054  0.000000
759  1  1.000000 -1.671966  -4.218600  2.099511  -0.122796  -0.402746  -0.907037  0.000000
760  1  1.000000 -3.199584  -3.840223  -0.123913  0.381122  -0.345216  0.857655  0.000000
761  1  1.000000 1.673941  -3.164321  -3.490701  -0.277349  -0.774256  0.568863  0.000000
762  1  1.000000 4.361836  -0.447701  -2.402904  -0.479390  0.035776  -0.876872  0.000000
763  1  1.000000 2.995228  -0.500312  3.972190  -0.027193  -0.994131  -0.104710  0.000000
764  1  1.000000 -4.618919  1.136793  1.540549  -0.168907  0.480180  -0.860754  0.000000
765  1  1.000000 4.636875  -1.702149  -0.775938  0.365814  0.912054  0.185303  0.000000
766  1  1.000000 4.064761  0.041266  2.911360  0.295849  -0.867099  -0.400766  0.000000
767  1  1.000000 -1.031114  2.145426  4.397039  0.467023  -0.746595  0.473800  0.000000
768  1  1.000000 -2.963351  -4.018382  -0.266758  0.295537  -0.278606  0.913804  0.000000
769  1  1.000000 -1.841600  0.215131  -4.643515  0.108439  0.994098  0.003049  0.000000
770  1  1.000000 -3.840172  -3.128745  0.681201  0.376217  -0.613024  -0.694739  0.000000
771  1  1.000000 -1.011501  4.128455  -2.633006  -0.929723  -0.330885  -0.161650  0.000000
772  1  1.000000 -2.914626  1.194606  3.883024  -0.028551  -0.961224  0.274288  0.000000
773  1  1.000000 -3.076586  -3.898649  0.578926  -0.413272  0.444173  0.794932  0.000000
774  1  1.000000 1.882938  4.320603  1.669411  0.013965  0.355079  -0.934732  0.000000
775  1  1.000000 0.317293  4.750948  -1.525718  -0.104349  -0.297766  -0.948919  0.000000
776  1  1.000000 -1.224813  -0.336990  4.835935  -0.952924  0.200594  -0.227372  0.000000
777  1  1.000000 -4.782881  -1.345227  0.560725  -0.054175  -0.213933  -0.975345  0.000000
778  1  1.000000 2.599153  -2.140497  -3.696306  -0.592483  -0.804090  0.049022  0.000000
779  1  1.000000 -0.638439  -3.734933  -3.262311  0.948306  0.100757  -0.300939  0.000000
780  1  1.000000 1.751164  4.257333  -1.951549  0.930598  -0.268972  0.248278  0.000000
781  1  1.000000 -0.457177  0.374768  4.964931  0.673014  0.739604  0.006145  0.000000
782  1  1.000000 3.016076  3.939830  0.617269  -0.340403  0.114367  0.933298  0.000000
783  1  1.000000 1.263454  -2.840864  3.915760  -0.533300  0.593576  0.602710  0.000000
784  1  1.000000 -4.728630  1.601800  -0.272567  0.176372  0.365116  -0.914102  0.000000
785  1  1.000000 1.053011  -4.788541  -0.980329  -0.366309  -0.263263  0.892474  0.000000
786  1  1.000000 2.529088  -0.428023  -4.291912  0.436562  0.883634  0.169129  0.000000
787  1  1.000000 0.414397  -4.950182  -0.569185  0.440416  0.138857  -0.886991  0.000000
788  1  1.000000 -3.938734  -2.679445  1.518864  0.529690  -0.841021  -0.110057  0.000000
789  1  1.000000 3.700844  2.249340  2.498844  -0.672419  0.493222  0.551892  0.000000
790  1  1.000000 -1.257179  3.481172  3.361688  0.964484  0.238323  0.113897  0.000000
791  1  1.000000 4.028536  -2.649600  1.323071  0.371566  0.104276  -0.922532  0.000000
792  1  1.000000 4.687916  1.145358  -1.308279  -0.120310  0.919600  0.373980  0.000000
793  1  1.000000 3.373403  2.560393  2.657920  -0.235872  0.832012  -0.502116  0.000000
794  1  1.000000 -0.844682  -1.947386  -4.527052  -0.770966  0.624529  -0.124801  0.000000
795  1  1.000000 -4.243720  -2.404834  -1.098913  -0.025820  0.452820  -0.891228  0.000000
796  1  1.000000 -2.595786  -1.115684  4.125184  0.802363  -0.459788  0.380537  0.000000
797  1  1.000000 -0.195543  4.970543  0.505431  -0.491954  0.068898  -0.867891  0.000000
798  1  1.000000 3.489378  0.960595  -3.449855  -0.625579  -0.305568  -0.717830  0.000000
799  1  1.000000 -4.420832  -1.177665  2.017263  0.467158  -0.438927  0.767533  0.000000
800  1  1.000000 -2.860941  -3.483820  -2.162872  0.783537  -0.620217  -0.037417  0.000000
801  1  1.000000 -3.781562  1.708164  -2.789617  0.641118  0.556812  -0.528137  0.000000
802  1  1.000000 -0.022403  -0.610426  -4.962548  0.929366  0.365866  -0.049199  0.000000
803  1  1.000000 -2.125624  1.994111  4.062665  -0.295515  0.787343  -0.541074  0.000000
804  1  1.000000 4.389629  -2.336295  -0.522382  0.332584  0.438161  0.835107  0.000000
805  1  1.000000 0.469487  -4.768094  1.429987  -0.789770  0.103559  0.604598  0.000000
806  1  1.000000 0.532394  -3.206519  -3.799315  0.278030  -0.714521  0.641996  0.000000
807  1  1.000000 3.418195  -2.080005  2.998253  0.686398  0.645675  -0.334607  0.000000
808  1  1.000000 0.926095  -2.478679  4.242464  0.393451  -0.753796  -0.526296  0.000000
809  1  1.000000 1.377153  4.376037  1.988403  0.959945  -0.272526  -0.065082  0.000000
810  1  1.000000 0.659863  4.144734  2.717676  0.988340  -0.068033  -0.136216  0.000000
811  1  1.000000 1.333234  4.169973  -2.415328  -0.929026  0.355821  0.101499  0.000000
812  1  1.000000 4.471115  -1.824615  1.296113  0.047028  -0.499314  -0.865144  0.000000
813  1  1.000000 3.374617  -2.839725  -2.355403  0.480976  -0.145541  0.864569  0.000000
814  1  1.000000 1.723359  1.935744  -4.275854  -0.883961  -0.172744  -0.434479  0.000000
815  1  1.000000 0.377893  -4.929514  0.746385  0.221731  0.162574  0.961460  0.000000
816  1  1.000000 -4.386542  -1.652454  -1.740013  0.396981  -0.092244  -0.913180  0.000000
817  1  1.000000 -4.606756  1.445972  -1.298830  0.136513  0.866389  0.480349  0.000000
818  1  1.000000 4.138886  2.776934  0.397819  0.290467  -0.302894  -0.907681  0.000000
819  1  1.000000 2.143251  1.744145  4.167065  0.900574  -0.238783  -0.363249  0.000000
820  1  1.000000 -3.934519  2.772790  1.353218  -0.554354  -0.827958  0.084716  0.000000
821  1  1.000000 4.100028  2.465848  1.452365  0.567906  -0.764225  -0.305685  0.000000
822  1  1.000000 3.881999  -2.956945  1.089295  0.323822  0.077771  -0.942916  0.000000
823  1  1.000000 -3.915454  2.979628  0.889401  -0.594045  -0.632104  -0.497549  0.000000
824  1  1.000000 1.000384  -2.474616  4.227944  0.576064  -0.638687  -0.510127  0.000000
825  1  1.000000 4.306177  0.841098  -2.397789  -0.165436  -0.799431  -0.577530  0.000000
826  1  1.000000 -3.011282  -1.015550  3.860161  0.602944  0.518099  0.606656  0.000000
827  1  1.000000 -2.766871  -1.112849  4.013227  -0.251221  -0.874164  -0.415603  0.000000
828  1  1.000000 -4.315062  -0.980323  2.327919  -0.296234  0.942940  -0.152016  0.000000
829  1  1.000000 2.683286  4.103107  -0.982084  -0.768211  0.378864  -0.516055  0.000000
830  1  1.000000 -3.847030  -2.625607  -1.818390  -0.554448  0.266323  0.788454  0.000000
831  1  1.000000 -0.915394  -4.554226  1.849617  -0.816092  0.350617  0.459415  0.000000
832  1  1.000000 -0.729382  1.814613  4.601650  -0.707568  0.611900  -0.353449  0.000000
833  1  1.000000 3.338397  -0.898831  -3.612092  -0.679945  -0.542378  -0.493459  0.000000
834  1  1.000000 -2.974193  1.998335  3.487239  0.393164  -0.612124  0.686094  0.000000
835  1  1.000000 3.212415  1.000541  -3.698555  0.517374  0.598803  0.611359  0.000000
836  1  1.000000 -3.269364  -2.031512  3.191272  -0.735091  0.540885  -0.408760  0.000000
837  1  1.000000 3.466369  -1.139824  3.418346  -0.576035  0.394792  0.715768  0.000000
838  1  1.000000 -4.253534  1.131336  2.372241  -0.139623  -0.967455  0.211035  0.000000
839  1  1.000000 -0.974718  -1.381541  -4.705451  0.127371  0.944242  -0.303618  0.000000
840  1  1.000000 -0.957319  -3.362011  -3.574971  -0.871233  0.451899  -0.191677  0.000000
841  1  1.000000 -4.987351  0.200093  0.293749  -0.042709  -0.998061  -0.045278  0.000000
842  1  1.000000 -1.029549  4.650387  1.521162  -0.498335  0.167899  -0.850571  0.000000
843  1  1.000000 0.715642  2.877238  -4.026085  0.973272  0.065801  0.220025  0.000000
844  1  1.000000 2.915397  -3.652563  1.777426  -0.485457  0.037562  0.873453  0.000000
845  1  1.000000 3.046951  -1.547940  -3.649653  0.715306  -0.182464  0.674570  0.000000
846  1  1.000000 0.664386  -0.575288  4.922158  0.678117  0.734932  -0.005634  0.000000
847  1  1.000000 2.118649  4.390859  -1.109813  -0.560929  0.446810  0.696936  0.000000
848  1  1.000000 -0.608936  -4.622848  1.805124  -0.915496  0.245157  0.319006  0.000000
849  1  1.000000 -2.280579  -1.716317  -4.105267  0.850225  -0.440567  -0.288131  0.000000
850  1  1.000000 -1.740907  -0.248799  4.680528  -0.825687  -0.456540  -0.331379  0.000000
851  1  1.000000 4.878555  -0.259506  1.064124  0.014568  0.984751  0.173360  0.000000
852  1  1.000000 -1.847764  -1.915406  -4.232846  0.862514  0.197519  -0.465893  0.000000
853  1  1.000000 0.909579  -4.901660  -0.382609  0.981791  0.185413  -0.041327  0.000000
854  1  1.000000 2.353120  -1.551669  4.129788  -0.582793  0.593508  0.555067  0.000000
855  1  1.000000 3.847430  -1.959292  -2.521598  0.634776  0.382256  0.671521  0.000000
856  1  1.000000 2.330246  -1.095576  -4.285985  -0.621048  -0.771066  -0.140559  0.000000
857  1  1.000000 3.232305  2.850956  2.534612  -0.741746  0.314162  0.592550  0.000000
858  1  1.000000 -4.420235  -1.927250  -1.321829  0.330268  -0.915381  0.230217  0.000000
859  1  1.000000 -1.957804  3.715842  -2.712844  -0.608846  0.232858  0.758343  0.000000
860  1  1.000000 -0.288337  4.238383  2.636849  0.957115  0.197168  -0.212262  0.000000
861  1  1.000000 1.771341  2.519732  3.938693  0.929152  -0.094489  -0.357418  0.000000
862  1  1.000000 -0.499270  -4.168339  2.715820  0.616961  0.376406  0.691142  0.000000
863  1  1.000000 2.036646  3.925539  2.332855  0.668692  0.091574  -0.737879  0.000000
864  1  1.000000 -1.703957  2.783623  3.787872  0.818239  -0.221184  0.530625  0.000000
865  1  1.000000 -4.662195  -1.734483  -0.505478  -0.300754  0.590056  0.749254  0.000000
866  1  1.000000 -2.700230  0.879138  4.115322  0.831946  -0.036442  0.553659  0.000000
867  1  1.000000 4.234508  -2.638552  -0.327087  0.029230  -0.076637  0.996630  0.000000
868  1  1.000000 4.246405  -0.822489  -2.508297  -0.501246  -0.549576  -0.668370  0.000000
869  1  1.000000 0.342210  -2.964367  4.011909  -0.573726  -0.681362  -0.454515  0.000000
870  1  1.000000 0.407855  4.238997  -2.620031  0.273675  -0.524602  -0.806161  0.000000
871  1  1.000000 2.505394  -1.694455  -3.981435  -0.803693  0.159001  -0.573408  0.000000
872  1  1.000000 -3.476560  -1.760860  -3.132555  0.702972  -0.151836  -0.694821  0.000000
873  1  1.000000 1.555165  -4.064241  2.462398  0.861485  0.022290  -0.507294  0.000000
874  1  1.000000 -0.733671  3.447632  3.546204  -0.946551  0.110332  -0.303097  0.000000
875  1  1.000000 2.969960  -2.224132  -3.351503  -0.169112  -0.883645  0.436547  0.000000
876  1  1.000000 -0.851111  1.988797  4.507804  0.366713  -0.823629  0.432615  0.000000
877  1  1.000000 3.437706  -0.737515  3.555032  0.532506  0.768114  -0.355581  0.000000
878  1  1.000000 -3.036504  3.915662  -0.668755  -0.424583  -0.462217  -0.778514  0.000000
879  1  1.000000 -2.441038  -4.014676  -1.709886  -0.528626  0.583853  -0.616174  0.000000
880  1  1.000000 -3.148247  -0.986255  3.757105  -0.715711  -0.228911  -0.659816  0.000000
881  1  1.000000 1.547600  4.666059  0.912596  0.827198  -0.169583  -0.535709  0.000000
882  1  1.000000 -1.977023  -3.015657  3.463697  -0.890852  0.435498  -0.129319  0.000000
883  1  1.000000 -4.218302  -2.679430  -0.163045  0.459552  -0.752220  0.472205  0.000000
884  1  1.000000 4.545462  -0.581395  2.000188  -0.247623  0.621386  0.743346  0.000000
885  1  1.000000 -4.804270  0.706718  1.191443  0.005469  0.869586  -0.493750  0.000000
886  1  1.000000 3.085227  -1.976731  -3.402045  0.176559  0.912149  -0.369880  0.000000
887  1  1.000000 2.415169  -3.947165  1.893898  0.480167  0.600567  0.639343  0.000000
888  1  1.000000 1.413408  1.388519  -4.590675  -0.029421  0.959234  0.281076  0.000000
889  1  1.000000 -3.898287  3.109855  0.363530  0.302091  0.475276  -0.826350  0.000000
890  1  1.000000 4.001040  -2.232394  2.002022  -0.533616  -0.834788  0.135585  0.000000
891  1  1.000000 -3.687211  -1.794024  2.861110  -0.321045  -0.559174  -0.764365  0.000000
892  1  1.000000 3.244001  3.532764  -1.412812  -0.401619  0.002546  -0.915803  0.000000
893  1  1.000000 3.617959  2.941601  -1.804814  0.687521  -0.660614  0.301504  0.000000
894  1  1.000000 4.268847  -0.177592  2.597193  -0.184242  -0.953727  0.237613  0.000000
895  1  1.000000 2.015608  -1.584532  -4.292620  0.775184  -0.380365  0.504393  0.000000
896  1  1.000000 -0.460074  4.841371  -1.161661  -0.774655  0.076993  0.627680  0.000000
897  1  1.000000 -3.117811  -1.449757  3.630077  -0.771497  0.378315  -0.511537  0.000000
898  1  1.000000 -2.211520  2.285043  3.858466  -0.774172  0.239856  -0.585771  0.000000
899  1  1.000000 4.515135  -0.649795  2.047273  0.395835  -0.118598  -0.910631  0.000000
900  1  1.000000 0.727706  -2.107111  -4.475548  -0.985862  0.014148  -0.166958  0.000000
901  1  1.000000 3.945645  1.080115  2.874933  -0.610722  0.375825  0.696975  0.000000
902  1  1.000000 3.304433  3.415985  -1.552986  -0.743956  0.650873  -0.151309  0.000000
903  1  1.000000 1.750423  -3.846822  2.671700  -0.086252  0.541539  0.836239  0.000000
904  1  1.000000 -2.470805  -4.065560  -1.538291  -0.600627  0.575161  -0.555371  0.000000
905  1  1.000000 -4.145235  2.257543  1.649401  0.547822  0.537528  0.641057  0.000000
906  1  1.000000 -4.181910  2.739160  0.092880  0.503025  0.780557  -0.371076  0.000000
907  1  1.000000 -2.942851  -3.839450  -1.264219  -0.457917  0.574398  -0.678512  0.000000
908  1  1.000000 0.966331  4.297182  2.366523  -0.247667  -0.424044  0.871119  0.000000
909  1  1.000000 -4.579345  1.176615  1.626400  -0.390126  -0.712947  -0.582674  0.000000
910  1  1.000000 -2.268013  -4.444919  0.314347  0.511752  -0.202067  0.835033  0.000000
911  1  1.000000 1.252364  0.808124  -4.772685  -0.898594  0.405718  -0.167096  0.000000
912  1  1.000000 -1.494261  3.468636  -3.276546  0.119220  0.708452  0.695616  0.000000
913  1  1.000000 -1.238386  0.241862  4.838171  -0.199214  -0.979954  -0.002003  0.000000
914  1  1.000000 -1.055321  1.179778  4.742829  0.441173  -0.842967  0.307853  0.000000
915  1  1.000000 1.911253  2.800912  3.674507  -0.377442  0.820580  -0.429169  0.000000
916  1  1.000000 1.523247  2.898371  -3.778778  -0.520464  0.765849  0.377614  0.000000
917  1  1.000000 -0.218350  3.438065  3.623815  0.986373  -0.085507  0.140557  0.000000
918  1  1.000000 -4.524017  -1.430001  -1.577455  -0.423843  0.676336  0.602434  0.000000
919  1  1.000000 0.733875  4.401809  -2.255106  0.278469  -0.474293  -0.835165  0.000000
920  1  1.000000 -0.946967  2.498953  -4.225930  0.748982  0.630147  0.204794  0.000000
921  1  1.000000 -4.506943  -1.047473  1.894800  0.020836  0.853176  0.521208  0.000000
922  1  1.000000 -3.861777  2.973206  -1.116569  0.264397  0.620633  0.738180  0.000000
923  1  1.000000 0.347896  -2.884492  4.069235  -0.045302  0.813155  0.580281  0.000000
924  1  1.000000 4.426221  1.942551  1.278694  -0.416805  0.906637  0.065441  0.000000
925  1  1.000000 -3.870206  1.129510  2.957316  -0.532912  0.271942  -0.801281  0.000000
926  1  1.000000 -2.240488  -0.970800  -4.363228  -0.132767  -0.950853  0.279736  0.000000
927  1  1.000000 -0.424015  -4.843055  1.168347  0.947558  -0.005876  0.319530  0.000000
928  1  1.000000 -0.540802  -3.828667  -3.169991  -0.992361  0.121225  0.022884  0.000000
929  1  1.000000 0.096445  4.997750  0.114877  -0.511948  -0.009864  0.858960  0.000000
930  1  1.000000 2.297208  -3.329082  -2.939395  -0.886737  -0.305764  -0.346707  0.000000
931  1  1.000000 -1.986347  -4.170536  -1.913387  -0.904112  0.427231  0.007367  0.000000
932  1  1.000000 -0.458751  -3.653024  3.383040  0.016970  -0.680523  -0.732531  0.000000
933  1  1.000000 -4.781108  -1.102203  0.962367  -0.230209  0.160559  -0.959805  0.000000
934  1  1.000000 -4.424645  0.883114  2.154674  0.349193  0.863883  0.363001  0.000000
935  1  1.000000 -2.349754  -2.756244  3.446995  0.329053  0.615314  0.716319  0.000000
936  1  1.000000 -0.588661  2.449326  4.319060  0.717503  -0.559409  0.415030  0.000000
937  1  1.000000 3.235216  0.709326  -3.745695  0.466989  -0.850419  0.242301  0.000000
938  1  1.000000 -2.830703  -3.608383  1.991656  -0.420479  0.668466  0.613474  0.000000
939  1  1.000000 0.895425  -3.943858  2.940101  -0.262008  -0.614335  -0.744274  0.000000
940  1  1.000000 0.270993  -4.069649  2.892148  0.920227  0.265583  0.287486  0.000000
941  1  1.000000 0.588664  -4.958085  0.266211  -0.989719  -0.112785  0.087948  0.000000
942  1  1.000000 4.997465  0.098214  -0.125289  0.030234  -0.832293  0.553510  0.000000
943  1  1.000000 1.551408  -0.260711  4.746068  -0.916371  -0.282101  0.284049  0.000000
944  1  1.000000 -3.545843  -2.840084  2.088282  -0.385291  0.808336  0.445133  0.000000
945  1  1.000000 -4.153974  -1.253824  2.484437  -0.520023  0.031518  -0.853571  0.000000
946  1  1.000000 -4.258383  -2.355922  -1.147085  0.473205  -0.879547  0.049739  0.000000
947  1  1.000000 0.981786  4.856753  -0.669364  -0.751954  0.061549  -0.656336  0.000000
948  1  1.000000 2.253618  -4.421317  0.610871  -0.746968  -0.448547  -0.490759  0.000000
949  1  1.000000 -2.185218  4.073083  1.906519  0.168899  0.490722  -0.854789  0.000000
950  1  1.000000 -1.970092  -1.747642  4.250233  0.676597  -0.736273  0.010874  0.000000
951  1  1.000000 -0.959755  -3.178596  3.738368  -0.558253  0.697307  0.449574  0.000000
952  1  1.000000 -0.985464  -1.797164  -4.560599  0.804114  -0.591507  0.059336  0.000000
953  1  1.000000 -0.180832  -4.824972  -1.298826  -0.550628  -0.197677  0.811007  0.000000
954  1  1.000000 -1.858445  1.188176  4.487139  -0.097501  0.951345  -0.292295  0.000000
955  1  1.000000 0.439606  3.486259  3.557070  -0.970927  -0.099641  0.217651  0.000000
956  1  1.000000 2.087553  -4.470747  0.809040  -0.011552  -0.183280  -0.982993  0.000000
957  1  1.000000 1.654422  -3.856102  -2.719074  0.571476  0.622349  -0.534881  0.000000
958  1  1.000000 4.326960  -0.289154  2.488735  0.455434  -0.323505  -0.829412  0.000000
959  1  1.000000 -1.066719  3.403853  -3.503698  -0.976958  -0.153192  0.148614  0.000000
960  1  1.000000 -3.171205  -0.586096  -3.820988  -0.765128  -0.046731  0.642181  0.000000
961  1  1.000000 -4.606840  1.784479  0.769847  0.242506  0.218251  0.945282  0.000000
962  1  1.000000 3.858666  2.634141  -1.781012  0.431809  -0.022896  0.901675  0.000000
963  1  1.000000 -3.603798  -0.075293  3.465107  -0.058082  -0.994936  -0.082025  0.000000
964  1  1.000000 -3.542425  2.375264  2.609472  0.069379  0.782817  -0.618372  0.000000
965  1  1.000000 -2.712151  -3.269959  2.636589  -0.661416  -0.054556  -0.748033  0.000000
966  1  1.000000 -0.496919  -4.099794  2.818645  0.994988  -0.088151  0.047195  0.000000
967  1  1.000000 -3.136870  3.024262  2.452323  0.158981  0.716056  -0.679698  0.000000
968  1  1.000000 0.976846  -1.653969  4.616293  0.600794  -0.703708  -0.379264  0.000000
969  1  1.000000 -0.107774  -4.674231  1.771989  -0.806356  0.225816  0.546623  0.000000
970  1  1.000000 1.281672  4.802043  0.545619  0.050815  0.099350  -0.993754  0.000000
971  1  1.000000 -0.271266  0.586719  -4.958041  0.850811  -0.514376  -0.107419  0.000000
972  1  1.000000 -3.087230  -0.959812  3.814154  0.747774  -0.444200  0.493478  0.000000
973  1  1.000000 0.937830  -4.810591  -0.989287  -0.007481  -0.202826  0.979186  0.000000
974  1  1.000000 -2.597781  -0.327338  4.259623  0.852792  -0.101555  0.512281  0.000000
975  1  1.000000 -1.563270  -0.591845  4.712314  0.797825  -0.571184  0.192934  0.000000
976  1  1.000000 -2.082452  -3.443909  -2.966965  0.560443  -0.708444  0.428964  0.000000
977  1  1.000000 -1.573374  -1.989518  -4.308864  -0.162167  0.917083  -0.364227  0.000000
978  1  1.000000 1.022634  0.259143  -4.887440  0.865323  0.457239  0.205301  0.000000
979  1  1.000000 -4.518242  -1.813532  -1.138679  0.288479  -0.122469  -0.949622  0.000000
980  1  1.000000 -4.573851  -2.010926  -0.189899  0.399474  -0.886577  -0.233241  0.000000
981  1  1.000000 -3.845367  2.488144  -2.005565  -0.176255  0.438111  0.881472  0.000000
982  1  1.000000 -3.331190  -2.303980  -2.931698  0.138733  0.695942  -0.704569  0.000000
983  1  1.000000 -0.466738  0.661391  4.934037  0.860836  0.508709  0.013241  0.000000
984  1  1.000000 -3.404532  -2.701413  -2.472151  -0.623987  0.074542  0.777871  0.000000
985  1  1.000000 1.778773  -2.722453  3.797922  0.061616  0.824652  0.562275  0.000000
986  1  1.000000 -0.584969  3.321712  -3.691076  0.527415  0.671401  0.520629  0.000000
987  1  1.000000 -4.559803  -1.489823  -1.410187  -0.033713  -0.630683  0.775308  0.000000
988  1  1.000000 2.099832  -3.998491  -2.145408  -0.340013  -0.577006  0.742601  0.000000
989  1  1.000000 2.601268  -2.327707  -3.579830  0.643864  0.764579  -0.029290  0.000000
990  1  1.000000 -0.584820  -4.394041  -2.313092  -0.660096  0.416825  -0.624924  0.000000
991  1  1.000000 0.691898  3.045958  3.904282  0.990274  -0.096588  -0.100138  0.000000
992  1  1.000000 3.220303  -3.054242  2.302446  -0.704202  -0.708573  0.044991  0.000000
993  1  1.000000 1.189539  4.689575  -1.262094  -0.775506  0.026956  -0.630764  0.000000
994  1  1.000000 -2.917017  2.329695  3.326189  -0.107505  0.767566  -0.631891  0.000000
995  1  1.000000 -2.573675  4.201834  -0.848994  -0.829592  -0.438217  0.346038  0.000000
996  1  1.000000 4.867601  -1.097577  0.319032  -0.216660  -0.796971  0.563822  0.000000
997  1  1.000000 -0.743189  -2.895324  4.008088  -0.280188  -0.752743  -0.595712  0.000000
998  1  1.000000 3.019511  3.982049  -0.160728  0.371338  -0.245435  0.895472  0.000000
999  1  1.000000 2.583387  -3.997387  -1.531995  -0.096366  -0.409896  0.907028  0.000000
