# Total of 600 particles
# Generated on : 2015-02-09 19:07:42.042033
# id  type radius  x   y   z   vx   vy   vz   nx   ny   nz   omega
0  1  1.000000 11.075138  -4.393464  8.899104  -0.144336  -0.770943  -0.620334  -0.095969  -0.703829  -0.703857   0.000000
1  1  1.000000 9.407964  -7.265004  5.884086  0.241113  0.643033  -0.726893  0.526440  0.805520  -0.272028   0.000000
2  1  1.000000 3.852891  -7.038701  -6.756209  -0.853688  -0.422098  -0.305041  0.582853  0.421945  -0.694439   0.000000
3  1  1.000000 -6.277052  4.962426  -7.696342  0.576321  0.747358  -0.330620  0.417480  0.567490  -0.709694   0.000000
4  1  1.000000 10.857138  1.214389  2.295289  0.561978  0.248249  0.789021  -0.559582  0.477832  -0.677160   0.000000
5  1  1.000000 9.392331  4.778012  13.700093  0.625463  -0.727472  -0.282100  -0.146037  -0.784794  0.602305   0.000000
6  1  1.000000 -10.927190  4.529068  9.491083  0.482464  0.591606  0.645934  0.483645  0.614753  0.623030   0.000000
7  1  1.000000 -4.493364  -10.594914  10.920491  0.430345  0.321506  0.843467  -0.019418  0.518910  0.854608   0.000000
8  1  1.000000 -0.403454  10.513179  13.741892  -0.595829  0.491346  -0.635269  -0.991934  -0.100543  0.077185   0.000000
9  1  1.000000 1.950138  9.456046  -0.827665  0.987467  -0.135599  0.080763  -0.808861  -0.272294  -0.521152   0.000000
10  1  1.000000 -10.439922  -5.547906  5.473153  0.533425  -0.504689  -0.678783  -0.533581  0.797920  0.280383   0.000000
11  1  1.000000 11.856514  -0.085621  9.317624  -0.196018  -0.766229  0.611939  -0.291194  0.179672  0.939640   0.000000
12  1  1.000000 -0.893736  -9.240045  -1.750248  -0.500450  -0.504458  0.703613  0.993168  -0.114346  0.023268   0.000000
13  1  1.000000 10.273478  -6.201237  7.482832  -0.270938  -0.453807  0.848912  -0.316920  -0.520413  -0.792926   0.000000
14  1  1.000000 -4.474062  -10.960177  9.433833  0.440836  0.136369  0.887168  -0.905398  0.409526  0.111997   0.000000
15  1  1.000000 -5.760243  -8.595248  0.832413  -0.314582  0.766687  -0.559669  -0.805401  0.590522  -0.051117   0.000000
16  1  1.000000 0.499971  -10.710980  1.765113  -0.829056  0.319929  -0.458597  0.133684  0.614351  -0.777625   0.000000
17  1  1.000000 2.547775  -7.624689  -8.445603  0.336251  -0.051074  -0.940386  0.463318  0.000804  -0.886192   0.000000
18  1  1.000000 -9.066254  7.310067  4.616373  0.347459  0.800756  0.487916  -0.373549  0.219784  0.901197   0.000000
19  1  1.000000 2.028636  8.139198  -4.474771  0.965526  -0.258068  -0.034075  -0.944806  0.072118  -0.319596   0.000000
20  1  1.000000 7.809649  -8.447664  10.934508  0.377250  0.753506  0.538434  0.781673  0.603063  -0.159067   0.000000
21  1  1.000000 8.214326  0.445097  -5.206277  -0.117269  -0.896274  -0.427715  0.232605  0.680337  0.695008   0.000000
22  1  1.000000 -3.887432  10.346023  2.645346  -0.749111  -0.555797  -0.360448  0.212720  -0.539893  -0.814411   0.000000
23  1  1.000000 -9.180406  6.363377  12.015953  0.639713  0.755722  0.140186  -0.263043  -0.871952  0.412927   0.000000
24  1  1.000000 7.437249  -8.792612  10.891945  -0.205687  0.448440  0.869825  0.508346  0.742330  0.436498   0.000000
25  1  1.000000 7.663996  6.540385  14.819979  -0.737591  0.655561  0.161863  0.787870  -0.154363  -0.596182   0.000000
26  1  1.000000 0.841673  -8.006707  -8.578703  -0.352776  -0.209181  -0.912027  -0.937108  -0.157305  -0.311584   0.000000
27  1  1.000000 -9.385942  7.400330  6.456645  -0.634368  -0.751800  0.179927  0.492486  0.397525  -0.774229   0.000000
28  1  1.000000 -4.510703  10.307653  11.772181  0.194838  -0.511660  0.836805  0.927299  0.166726  0.335140   0.000000
29  1  1.000000 -6.682038  -4.421689  -6.964820  -0.552712  0.833292  0.011562  0.147410  -0.377969  0.914008   0.000000
30  1  1.000000 -8.768449  5.939873  1.432117  0.460558  0.876834  0.138017  0.623657  0.775008  -0.102053   0.000000
31  1  1.000000 -7.348445  6.481019  -14.517238  0.297081  -0.599569  0.743142  -0.809491  -0.246179  -0.533030   0.000000
32  1  1.000000 -6.514475  -9.611122  4.470980  0.863461  -0.456328  -0.214941  -0.864527  0.435470  0.250918   0.000000
33  1  1.000000 -7.229475  -9.227750  4.954703  0.077527  -0.520603  0.850272  -0.278646  -0.278757  0.919049   0.000000
34  1  1.000000 3.542689  -10.497470  12.278780  0.963733  0.242818  -0.110720  -0.903855  -0.405842  -0.135419   0.000000
35  1  1.000000 -7.212943  -9.451756  5.906059  -0.447655  0.577397  -0.682801  -0.336305  -0.067708  0.939316   0.000000
36  1  1.000000 11.163506  -0.308238  2.976994  -0.310411  -0.851970  -0.421654  -0.166852  0.944329  -0.283554   0.000000
37  1  1.000000 -0.579713  10.990801  12.483227  -0.788188  -0.387965  0.477749  0.376049  0.556828  -0.740628   0.000000
38  1  1.000000 9.334973  7.420087  6.185995  0.240305  0.052306  0.969287  -0.133912  0.484709  0.864364   0.000000
39  1  1.000000 -10.577373  -5.614027  6.742694  0.458808  -0.715896  -0.526296  0.038239  0.204048  -0.978214   0.000000
40  1  1.000000 8.284536  -1.868000  -4.076268  0.066382  -0.880489  0.469395  -0.321346  -0.925698  -0.199547   0.000000
41  1  1.000000 10.280426  -5.115394  11.012476  0.620230  0.580018  -0.528104  0.363373  -0.356150  -0.860882   0.000000
42  1  1.000000 4.336224  10.351288  11.858996  0.829542  0.052124  -0.556007  -0.573283  0.622812  -0.532403   0.000000
43  1  1.000000 6.137122  -5.625345  -10.261069  0.542622  0.022973  -0.839663  0.734557  0.469208  -0.490173   0.000000
44  1  1.000000 -8.703071  7.251869  3.468472  -0.533449  -0.824570  -0.188459  0.089949  -0.639226  -0.763740   0.000000
45  1  1.000000 -3.670366  -7.342038  -5.301184  0.566886  -0.541723  0.620626  0.502072  0.106257  -0.858273   0.000000
46  1  1.000000 -10.634356  -3.536443  11.906705  -0.610410  0.232880  -0.757077  -0.318177  0.948022  -0.004139   0.000000
47  1  1.000000 -6.111811  -5.168186  -7.802900  0.645698  -0.763593  -0.000015  -0.575216  0.638147  -0.511756   0.000000
48  1  1.000000 -6.104301  7.091600  -1.562827  -0.673695  -0.725753  -0.139344  -0.517225  0.365029  0.774101   0.000000
49  1  1.000000 2.771669  -10.713223  12.316103  -0.392810  0.474956  0.787475  0.328875  -0.501036  -0.800503   0.000000
50  1  1.000000 4.969532  -10.881999  8.419438  -0.908504  -0.417594  -0.015336  0.578981  0.122323  -0.806113   0.000000
51  1  1.000000 0.177139  10.397036  14.042131  -0.799564  -0.372919  0.470775  0.579486  -0.523043  0.624998   0.000000
52  1  1.000000 8.164311  1.183010  -5.089177  0.257708  -0.916853  0.304906  -0.133946  0.990711  0.023465   0.000000
53  1  1.000000 8.324792  2.347436  -3.539694  0.073753  -0.950287  -0.302513  -0.473286  -0.246815  -0.845626   0.000000
54  1  1.000000 -10.849380  1.175997  12.736734  0.598412  0.245478  0.762655  -0.603798  -0.101809  -0.790609   0.000000
55  1  1.000000 3.836719  -9.871879  13.567101  0.701812  0.601057  0.382348  -0.065587  -0.664591  -0.744323   0.000000
56  1  1.000000 -1.440030  11.783903  5.779579  0.170815  -0.261786  -0.949889  0.942953  0.016280  -0.332529   0.000000
57  1  1.000000 0.633433  8.583319  -3.680037  0.589967  0.384373  0.710068  -0.848178  0.317927  0.423694   0.000000
58  1  1.000000 8.357734  0.696960  -4.480649  0.279122  -0.865209  0.416539  0.399533  0.322347  0.858176   0.000000
59  1  1.000000 6.695624  8.267299  1.551692  -0.037053  -0.699296  -0.713871  0.686942  -0.710811  -0.151193   0.000000
60  1  1.000000 -7.910920  -3.389547  -3.680601  -0.275485  0.941222  -0.195475  -0.057409  -0.792483  0.607186   0.000000
61  1  1.000000 7.597744  -2.601285  -6.662119  -0.276387  -0.924998  0.260748  0.294194  0.488289  0.821598   0.000000
62  1  1.000000 -0.286354  -8.898122  -2.772790  -0.424820  -0.510322  0.747729  -0.596984  0.473201  -0.647835   0.000000
63  1  1.000000 -5.314786  -9.937959  11.715403  -0.198198  0.646635  0.736601  -0.545875  -0.286077  -0.787515   0.000000
64  1  1.000000 -11.626496  -1.628038  9.962128  -0.326119  0.792159  -0.515879  -0.054178  -0.900213  -0.432067   0.000000
65  1  1.000000 -7.742820  4.170751  -11.911617  -0.007174  -0.820038  0.572264  0.650515  0.647063  0.397667   0.000000
66  1  1.000000 -0.523582  -11.420435  3.811906  -0.808396  -0.269286  0.523432  0.261191  0.478635  -0.838265   0.000000
67  1  1.000000 5.548431  5.814656  -6.578648  0.560725  -0.649183  -0.513953  0.119861  -0.322855  -0.938828   0.000000
68  1  1.000000 -6.396148  -5.123223  -9.625977  -0.277482  -0.196363  -0.940450  -0.034624  -0.466800  -0.883685   0.000000
69  1  1.000000 4.351393  -9.517223  1.119881  -0.514182  0.429865  -0.742181  -0.922140  -0.083102  -0.377826   0.000000
70  1  1.000000 7.898633  -1.634876  -8.730535  -0.031741  0.648174  0.760831  0.188904  0.979918  0.063846   0.000000
71  1  1.000000 6.512517  -9.299645  11.451629  -0.684191  0.067717  0.726152  0.853739  0.256704  -0.453027   0.000000
72  1  1.000000 -6.223479  10.253965  7.155981  -0.703495  -0.384822  0.597500  -0.852552  -0.520655  -0.045538   0.000000
73  1  1.000000 11.241740  1.363450  11.545233  0.295546  0.736446  -0.608523  -0.082063  -0.946759  0.311309   0.000000
74  1  1.000000 -1.520634  9.766535  -14.723408  -0.315951  -0.641150  0.699358  -0.990903  -0.047801  -0.125800   0.000000
75  1  1.000000 0.348489  9.881391  -14.731366  -0.123151  -0.634378  0.763151  0.329335  0.599158  -0.729759   0.000000
76  1  1.000000 7.528700  -2.714797  -7.229235  -0.212345  -0.686257  0.695673  -0.153001  -0.540143  0.827548   0.000000
77  1  1.000000 -10.842272  -0.066077  12.923943  -0.604649  -0.027886  -0.796004  -0.353211  -0.808132  -0.471344   0.000000
78  1  1.000000 -7.272312  6.199287  -1.068808  0.033494  0.797611  0.602242  -0.017246  0.775084  0.631623   0.000000
79  1  1.000000 3.828198  -7.582481  -10.929323  0.517181  -0.245282  -0.819976  -0.550318  0.219642  0.805548   0.000000
80  1  1.000000 -3.222114  -7.659327  -4.808358  -0.569069  -0.152980  0.807934  -0.486819  0.538725  -0.687592   0.000000
81  1  1.000000 -8.000261  -3.439202  -3.352848  0.508209  0.181233  -0.841949  0.604915  -0.640077  -0.473686   0.000000
82  1  1.000000 -10.418849  5.481264  9.798443  -0.429642  -0.066408  -0.900554  -0.356103  -0.896495  0.263604   0.000000
83  1  1.000000 -8.542877  1.608604  -3.400483  0.120772  0.987528  0.101009  0.329168  0.912221  -0.243928   0.000000
84  1  1.000000 2.901592  -10.024609  13.950474  -0.665330  0.362784  0.652475  -0.615464  0.399930  0.679161   0.000000
85  1  1.000000 7.745728  3.320104  -10.679526  -0.325193  -0.379301  0.866245  0.504759  -0.045091  -0.862082   0.000000
86  1  1.000000 -2.976064  10.920762  11.561487  -0.592483  0.320847  -0.738933  0.594805  -0.319403  0.737691   0.000000
87  1  1.000000 -11.801538  -1.789396  6.292901  0.109845  0.486836  -0.866559  0.036367  -0.886001  0.462256   0.000000
88  1  1.000000 0.249573  11.512353  10.896096  -0.827843  0.282917  -0.484391  0.090930  0.476403  -0.874512   0.000000
89  1  1.000000 6.307014  10.205752  7.252999  -0.841827  0.511456  -0.172452  0.082775  -0.101638  -0.991372   0.000000
90  1  1.000000 10.072909  2.871282  13.857177  -0.631804  0.525922  0.569412  0.411174  -0.892540  -0.185226   0.000000
91  1  1.000000 5.003159  10.609140  4.988714  0.879253  -0.464255  -0.106682  0.690602  -0.546152  -0.474116   0.000000
92  1  1.000000 -5.246909  10.128087  3.724022  0.357520  -0.385399  -0.850675  0.916916  0.293965  -0.269907   0.000000
93  1  1.000000 -8.853406  -4.661916  14.986128  -0.612120  -0.208874  -0.762680  -0.208918  -0.744140  -0.634514   0.000000
94  1  1.000000 -7.287653  3.322567  -7.961326  -0.393537  -0.763386  -0.512220  0.405569  0.805331  0.432383   0.000000
95  1  1.000000 6.568283  -5.508492  -3.795455  -0.738432  -0.359724  -0.570365  0.283944  0.808797  -0.514999   0.000000
96  1  1.000000 -9.006148  1.812738  -13.000633  0.602937  0.455786  0.654772  0.620655  0.336438  0.708235   0.000000
97  1  1.000000 10.687920  0.240444  13.316596  0.609241  -0.192839  -0.769181  -0.533609  0.524403  0.663524   0.000000
98  1  1.000000 -2.441711  11.744414  7.181424  -0.960150  -0.187811  0.206975  0.695361  0.104000  -0.711096   0.000000
99  1  1.000000 -10.596803  2.613653  12.732874  0.198075  -0.828184  0.524288  0.623713  0.342184  0.702775   0.000000
100  1  1.000000 7.143914  9.640561  7.651198  0.617894  -0.436281  -0.654115  -0.802039  0.591628  0.081916   0.000000
101  1  1.000000 -5.470613  8.227273  -14.713497  0.889158  0.161116  0.428299  0.191197  0.755917  -0.626125   0.000000
102  1  1.000000 -1.594206  -10.262279  14.074212  0.989525  -0.037814  0.139322  0.105616  -0.645611  -0.756328   0.000000
103  1  1.000000 6.970878  -4.825328  -4.129274  -0.181355  0.529414  -0.828753  0.057996  -0.644369  0.762513   0.000000
104  1  1.000000 6.629050  6.771202  -13.734126  0.277358  -0.826255  0.490280  0.564562  0.311916  -0.764185   0.000000
105  1  1.000000 -6.540840  -9.733907  4.977808  0.627033  -0.025262  -0.778583  -0.702303  0.114489  0.702612   0.000000
106  1  1.000000 -2.489946  11.503253  9.814166  0.250017  -0.311950  0.916612  0.872106  0.332239  -0.359232   0.000000
107  1  1.000000 -4.065609  6.890086  -7.559247  -0.852096  -0.500964  -0.151547  0.464290  0.263757  0.845498   0.000000
108  1  1.000000 5.355704  -10.068806  3.717582  0.806108  0.559323  -0.193254  0.838656  0.530228  -0.124555   0.000000
109  1  1.000000 -1.535305  -7.851982  -7.623925  0.832071  -0.174360  -0.526551  0.736457  -0.158569  -0.657637   0.000000
110  1  1.000000 -9.010495  -1.546652  -2.116288  -0.373956  -0.673547  0.637567  0.515611  -0.681677  -0.519098   0.000000
111  1  1.000000 4.424743  -7.384010  -3.674753  0.438234  0.677184  -0.591078  0.670350  -0.112731  0.733432   0.000000
112  1  1.000000 9.762283  5.638016  11.704505  0.632815  -0.104741  -0.767186  -0.637203  0.119933  0.761307   0.000000
113  1  1.000000 -7.836851  -1.843618  -8.578290  0.126224  0.249877  0.960015  -0.285895  0.609636  -0.739330   0.000000
114  1  1.000000 -6.984853  -3.901987  -7.360426  -0.295715  0.567918  -0.768129  -0.212708  0.424939  -0.879876   0.000000
115  1  1.000000 0.507509  8.986338  -12.501813  -0.480461  0.533226  -0.696295  -0.299910  0.571901  -0.763534   0.000000
116  1  1.000000 -0.809068  -10.330742  0.869913  -0.754602  -0.381885  0.533610  -0.422916  -0.557349  0.714496   0.000000
117  1  1.000000 -7.374389  5.318469  -12.750429  0.643671  0.758013  0.105377  -0.221458  0.636143  -0.739107   0.000000
118  1  1.000000 -3.802019  7.130513  -8.861946  -0.887561  -0.427150  -0.172562  -0.592959  -0.102806  -0.798643   0.000000
119  1  1.000000 -5.520030  -6.096555  -5.217151  0.730538  -0.359588  -0.580525  0.473954  0.028500  -0.880088   0.000000
120  1  1.000000 -7.548930  -9.275878  6.536798  -0.074697  0.268629  -0.960343  0.047059  0.174558  -0.983522   0.000000
121  1  1.000000 7.908163  2.673646  -4.641260  0.084879  -0.895408  -0.437082  -0.403010  0.892330  -0.203296   0.000000
122  1  1.000000 -2.866704  -9.129509  -13.962949  0.002342  0.650503  0.759500  -0.892576  0.420290  0.163294   0.000000
123  1  1.000000 -8.742434  6.631276  12.574444  -0.739573  -0.595831  -0.313077  0.739982  0.196384  0.643319   0.000000
124  1  1.000000 3.679746  -7.430450  -10.111123  0.782662  0.088037  -0.616189  0.913273  0.375404  -0.158126   0.000000
125  1  1.000000 5.510828  5.800570  -7.650260  -0.672365  0.651552  -0.351291  0.707788  -0.679462  0.193307   0.000000
126  1  1.000000 11.868145  -1.597713  8.252599  -0.176347  -0.884787  0.431339  0.143811  0.986088  -0.083364   0.000000
127  1  1.000000 -7.525647  3.485327  -4.880379  0.257922  0.905961  0.335724  0.529887  0.333441  -0.779767   0.000000
128  1  1.000000 7.862725  -9.021480  8.368309  -0.504310  -0.275016  0.818558  -0.069882  -0.254752  -0.964478   0.000000
129  1  1.000000 -0.993094  -10.925607  2.419475  -0.590512  0.512309  -0.623567  0.106331  0.582849  -0.805593   0.000000
130  1  1.000000 0.929668  8.469962  -11.025327  0.664635  0.312127  -0.678850  0.057771  -0.497363  0.865617   0.000000
131  1  1.000000 -1.710195  -11.732797  5.682118  -0.988927  0.147920  -0.011991  -0.472505  0.326424  -0.818649   0.000000
132  1  1.000000 -10.732565  -3.949822  11.174825  -0.307037  0.949257  0.068110  0.333180  0.472214  0.816091   0.000000
133  1  1.000000 7.234562  5.098893  -12.077519  0.049180  0.735058  -0.676218  -0.738467  0.418690  0.528550   0.000000
134  1  1.000000 -10.027502  -5.636101  4.059632  -0.340059  0.902640  -0.263821  -0.424633  -0.231826  0.875182   0.000000
135  1  1.000000 11.720470  -2.535155  7.060018  0.217769  0.971075  0.097929  -0.161036  -0.418583  -0.893787   0.000000
136  1  1.000000 -11.455721  3.512573  6.861457  -0.309954  -0.844298  0.437138  -0.032968  0.260191  0.964994   0.000000
137  1  1.000000 -0.611468  -9.151499  -12.961720  -0.994686  -0.011716  -0.102289  -0.799367  -0.330225  -0.501960   0.000000
138  1  1.000000 7.486188  3.613616  -10.206101  -0.070747  -0.642731  0.762819  -0.570448  0.578208  0.583322   0.000000
139  1  1.000000 9.572464  5.064651  2.042533  0.678094  -0.093371  0.729020  0.624083  -0.731381  0.274960   0.000000
140  1  1.000000 8.918218  6.783569  11.912650  -0.578115  0.814465  -0.049282  0.169123  0.622023  -0.764516   0.000000
141  1  1.000000 4.947092  -6.947370  -11.053349  -0.590150  -0.700179  -0.401836  0.690894  0.674057  0.261366   0.000000
142  1  1.000000 -9.469036  6.598634  4.201511  -0.689091  -0.492611  0.531497  0.214226  -0.484480  -0.848166   0.000000
143  1  1.000000 7.897931  -1.305049  -7.838607  0.112942  0.862880  0.492627  0.155821  0.683252  -0.713362   0.000000
144  1  1.000000 0.773564  -10.857158  12.812224  -0.799134  -0.396979  -0.451434  0.794023  -0.328634  -0.511397   0.000000
145  1  1.000000 -5.851021  -6.537501  -11.847767  0.816731  -0.285850  0.501239  0.818923  -0.522907  0.236503   0.000000
146  1  1.000000 10.955235  0.927907  12.515254  -0.128569  -0.949416  0.286494  -0.539064  0.494904  0.681528   0.000000
147  1  1.000000 9.026816  -0.784561  -2.333902  0.425285  0.765255  0.483236  0.577019  -0.175241  0.797709   0.000000
148  1  1.000000 11.001544  1.408662  12.244067  -0.570279  -0.070208  0.818445  -0.482592  0.673407  0.560025   0.000000
149  1  1.000000 -0.308231  8.219390  -9.787473  -0.808769  -0.238146  0.537754  -0.293868  0.334947  -0.895239   0.000000
150  1  1.000000 -4.026829  -11.282137  6.811299  0.278006  0.023558  -0.960290  -0.800772  0.214296  0.559323   0.000000
151  1  1.000000 -2.704723  7.999481  -4.255115  -0.956813  -0.214391  0.196327  0.856340  0.439891  0.270514   0.000000
152  1  1.000000 -2.538216  11.630266  6.014783  -0.340534  -0.307511  -0.888523  -0.602834  0.076861  0.794156   0.000000
153  1  1.000000 1.957322  11.145720  3.429848  0.962924  -0.243486  -0.116155  0.812908  -0.408552  -0.415049   0.000000
154  1  1.000000 -1.464038  -11.255468  3.538768  0.959617  -0.227738  0.165140  -0.797903  -0.240642  0.552668   0.000000
155  1  1.000000 -9.799947  1.925798  -14.969860  0.153409  -0.908466  0.388787  0.492255  0.773906  0.398440   0.000000
156  1  1.000000 -7.453961  9.083562  5.089210  -0.481744  -0.683083  -0.548927  0.788982  0.610324  -0.070796   0.000000
157  1  1.000000 4.401666  -10.477618  11.414552  0.813819  -0.043084  -0.579520  -0.123488  -0.584569  -0.801892   0.000000
158  1  1.000000 -9.072824  -4.217887  0.012735  0.702455  -0.115301  -0.702327  0.024505  0.882109  -0.470408   0.000000
159  1  1.000000 -3.526570  9.164849  -0.430452  -0.960882  -0.223423  0.163667  0.436205  0.687199  0.580933   0.000000
160  1  1.000000 10.570867  2.333686  12.968782  -0.397107  -0.614438  0.681742  0.317130  0.725518  -0.610779   0.000000
161  1  1.000000 10.937835  -0.620524  2.378001  0.287498  -0.842874  0.454871  0.507942  0.570806  0.645116   0.000000
162  1  1.000000 2.602058  -10.604462  2.279663  0.767531  0.497767  -0.403887  0.139582  0.623571  -0.769205   0.000000
163  1  1.000000 -2.086072  -9.232169  -13.706830  -0.806830  -0.257658  -0.531637  0.846123  -0.440052  -0.300718   0.000000
164  1  1.000000 -2.384611  9.228081  -13.870321  0.402464  0.647956  -0.646665  -0.489617  -0.631904  0.600809   0.000000
165  1  1.000000 3.937379  -6.964172  -7.438559  0.301872  0.159031  0.939991  0.227246  0.140413  -0.963661   0.000000
166  1  1.000000 8.550887  1.973998  -3.145182  0.519159  0.199066  0.831172  0.574646  -0.419324  0.702815   0.000000
167  1  1.000000 -2.888296  7.615595  -5.671283  -0.822576  -0.434719  -0.366590  0.767834  0.078303  -0.635846   0.000000
168  1  1.000000 -6.853689  8.945798  11.716720  0.849599  0.488275  0.199422  -0.840897  -0.518922  -0.153667   0.000000
169  1  1.000000 -4.819333  -7.199841  -3.492967  -0.880388  0.408252  0.241345  0.283778  -0.689696  0.666175   0.000000
170  1  1.000000 7.981462  0.725101  -6.928074  -0.014595  -0.665285  -0.746447  -0.109216  0.108944  -0.988030   0.000000
171  1  1.000000 4.219389  9.618085  13.786401  0.702383  0.273675  -0.657085  0.934079  -0.350799  -0.066606   0.000000
172  1  1.000000 7.506182  -9.332923  8.226333  -0.468556  -0.495951  -0.731087  0.755631  0.634327  0.163252   0.000000
173  1  1.000000 -4.135327  10.355478  12.073154  0.083327  -0.569896  0.817481  0.847828  0.489327  -0.204323   0.000000
174  1  1.000000 8.059519  -3.667615  -2.911017  0.115525  -0.775455  0.620745  -0.391323  0.460878  -0.796529   0.000000
175  1  1.000000 -6.916722  -7.470640  0.432550  0.139962  0.684208  -0.715731  0.402387  0.499646  -0.767098   0.000000
176  1  1.000000 -9.413212  3.932768  14.517592  0.064712  0.931090  -0.359004  -0.354480  -0.934222  0.039666   0.000000
177  1  1.000000 -3.969436  -7.236159  -5.070426  0.886152  -0.459984  -0.056110  0.377146  -0.552797  0.743086   0.000000
178  1  1.000000 9.968841  -0.728814  -14.989131  0.632618  -0.126216  -0.764110  0.620185  0.335419  -0.709129   0.000000
179  1  1.000000 -4.276991  6.838624  -8.729491  -0.647698  -0.221651  -0.728943  0.722650  0.294611  0.625286   0.000000
180  1  1.000000 10.776471  1.560255  2.198839  0.303411  -0.926337  0.223252  0.105129  -0.993151  -0.050986   0.000000
181  1  1.000000 5.509144  6.131530  -5.122047  0.782613  -0.575506  0.237295  0.641837  -0.719460  -0.265372   0.000000
182  1  1.000000 9.287494  7.571693  8.126195  0.635150  -0.741713  -0.215513  -0.615996  0.777522  -0.126525   0.000000
183  1  1.000000 3.222238  -11.554190  7.165298  0.946157  0.274333  -0.171839  -0.527395  -0.095652  -0.844219   0.000000
184  1  1.000000 -0.530000  -11.242107  11.762422  0.045514  -0.547780  -0.835383  -0.176806  -0.532372  -0.827840   0.000000
185  1  1.000000 -1.304878  -11.590061  10.311012  -0.844270  -0.146309  -0.515560  -0.218762  0.433816  0.874040   0.000000
186  1  1.000000 -8.218399  -8.218878  4.519860  -0.747686  0.648399  0.143337  0.289393  0.332186  -0.897722   0.000000
187  1  1.000000 -8.634917  -4.405665  -14.266355  -0.613498  0.749539  -0.248619  -0.647646  -0.105295  -0.754631   0.000000
188  1  1.000000 1.377617  9.940357  14.915571  -0.381474  -0.565487  0.731233  0.906805  -0.338327  0.251473   0.000000
189  1  1.000000 5.061213  -7.832703  -13.357843  -0.294545  0.546091  0.784237  -0.657521  0.244377  0.712703   0.000000
190  1  1.000000 -10.833755  -5.011201  6.294560  0.451065  -0.864375  -0.222253  -0.297074  0.854577  -0.425964   0.000000
191  1  1.000000 -7.580271  5.335098  -13.214773  0.737349  0.157576  0.656876  -0.216120  0.663499  -0.716283   0.000000
192  1  1.000000 3.031905  11.606274  7.811277  0.933724  -0.228365  -0.275698  -0.904124  0.215368  0.369022   0.000000
193  1  1.000000 -7.355301  4.352271  -3.884540  0.660161  0.589133  -0.465950  -0.065908  -0.794119  -0.604178   0.000000
194  1  1.000000 -8.327998  -8.614747  6.859739  0.500923  -0.583788  0.638958  -0.145045  -0.013904  0.989327   0.000000
195  1  1.000000 9.651941  -0.206945  -0.829805  0.453519  -0.687333  0.567357  0.555103  0.506984  0.659415   0.000000
196  1  1.000000 2.870753  -9.993825  0.956465  -0.775934  0.265790  -0.572086  0.530580  0.633487  -0.563186   0.000000
197  1  1.000000 10.957873  0.868231  2.478569  -0.356149  -0.741509  -0.568614  -0.136965  -0.947009  -0.290541   0.000000
198  1  1.000000 -6.749832  4.524972  -9.205426  -0.510118  -0.845094  0.159988  0.477168  0.272246  0.835579   0.000000
199  1  1.000000 -10.968076  4.209019  9.922965  0.221551  0.925702  -0.306578  -0.493545  -0.700762  -0.515118   0.000000
200  1  1.000000 5.846959  8.899125  1.575588  0.012129  0.683850  0.729522  0.603026  0.303429  0.737761   0.000000
201  1  1.000000 -10.348975  3.256705  12.905945  0.196087  0.970879  -0.137634  0.406924  -0.549901  0.729398   0.000000
202  1  1.000000 -4.920874  -7.996073  -13.517495  0.706183  -0.664228  -0.245165  -0.480704  -0.423411  -0.767885   0.000000
203  1  1.000000 6.929155  4.332462  -9.495319  -0.000145  -0.539676  0.841873  -0.573343  0.798055  0.185438   0.000000
204  1  1.000000 -4.600723  10.978105  8.991816  -0.663339  -0.445809  0.601029  -0.644602  -0.057276  -0.762369   0.000000
205  1  1.000000 2.295087  8.302563  -11.344134  0.527999  0.341312  -0.777640  0.406313  -0.563180  0.719540   0.000000
206  1  1.000000 -11.326880  1.312710  11.288739  -0.011413  0.978157  -0.207553  -0.521738  -0.200292  -0.829261   0.000000
207  1  1.000000 8.829805  -0.863366  -2.861323  -0.552870  0.159531  -0.817854  -0.324404  0.752897  -0.572632   0.000000
208  1  1.000000 5.111577  -8.766136  14.647360  -0.902704  -0.129565  0.410290  -0.074169  0.670598  0.738104   0.000000
209  1  1.000000 8.450310  -0.598398  -4.153468  -0.365226  0.555581  -0.746954  -0.106473  -0.992064  -0.066875   0.000000
210  1  1.000000 -1.684337  9.777854  -14.813420  0.520024  0.603246  -0.604706  0.921485  0.331157  -0.202981   0.000000
211  1  1.000000 -6.859062  9.151843  11.172737  -0.673874  -0.692537  0.257460  0.277378  -0.421006  0.863606   0.000000
212  1  1.000000 -5.872297  -6.126463  -10.901088  -0.780731  0.362073  -0.509277  0.336625  0.342593  0.877105   0.000000
213  1  1.000000 -6.294404  6.382801  -12.401143  -0.230463  -0.793794  0.562830  0.700796  0.713028  -0.021794   0.000000
214  1  1.000000 -8.020700  8.676789  9.564025  -0.702066  -0.703064  0.113155  -0.569261  -0.138907  -0.810338   0.000000
215  1  1.000000 -11.786638  2.240053  7.266597  0.171428  0.955045  0.241869  0.157465  0.911733  0.379405   0.000000
216  1  1.000000 4.876885  7.473880  -2.711487  -0.441519  0.729106  0.522939  0.590200  0.259518  0.764404   0.000000
217  1  1.000000 6.127864  -5.814665  -10.756970  0.697171  0.208376  -0.685953  0.620694  0.769501  0.150360   0.000000
218  1  1.000000 7.774697  3.556318  -11.125733  0.489051  -0.858986  -0.151569  0.482102  0.144253  -0.864158   0.000000
219  1  1.000000 -1.849521  -10.659803  2.014618  -0.511357  0.580359  -0.633796  0.587442  0.429918  -0.685626   0.000000
220  1  1.000000 -9.607996  5.198872  12.705983  0.018989  -0.831535  0.555148  0.325886  -0.572371  0.752456   0.000000
221  1  1.000000 7.904206  -4.386798  -12.609380  0.216311  -0.676447  -0.704009  0.645958  0.007853  -0.763333   0.000000
222  1  1.000000 10.859024  -3.823035  10.906020  -0.560960  -0.374953  0.738061  -0.269646  -0.956047  -0.115179   0.000000
223  1  1.000000 -4.445678  -6.717839  -6.371074  0.656553  -0.554752  0.511065  0.381267  -0.443224  0.811288   0.000000
224  1  1.000000 -1.165733  -11.732958  5.296263  0.878527  -0.241754  0.412002  -0.011524  -0.350031  0.936667   0.000000
225  1  1.000000 8.346574  -3.303499  -2.564907  -0.381729  -0.924043  -0.020671  -0.529540  0.248408  -0.811098   0.000000
226  1  1.000000 -2.698724  9.486765  -14.673051  -0.924828  0.062900  -0.375150  0.309288  0.672364  -0.672509   0.000000
227  1  1.000000 9.426520  3.262923  -0.059048  0.365641  -0.929436  0.049550  -0.340691  -0.679582  -0.649690   0.000000
228  1  1.000000 -7.871478  5.510951  -0.939764  0.341004  0.895731  0.285278  -0.436373  -0.881522  -0.180268   0.000000
229  1  1.000000 7.906521  -1.272581  -7.065400  0.114586  0.251367  0.961085  0.172507  0.789584  0.588896   0.000000
230  1  1.000000 -7.345282  -3.386977  -8.926172  -0.211085  -0.113793  -0.970821  0.285273  -0.055323  0.956848   0.000000
231  1  1.000000 -2.518588  11.676879  6.381866  -0.685107  -0.002907  0.728437  -0.938806  -0.249680  -0.237285   0.000000
232  1  1.000000 -0.033188  -8.627676  -3.610379  0.888859  -0.240935  0.389718  -0.605795  0.415755  -0.678351   0.000000
233  1  1.000000 -8.187201  -8.763888  7.105140  0.038480  -0.129779  0.990796  -0.437338  0.329309  0.836834   0.000000
234  1  1.000000 -8.049381  -5.099601  -1.135527  -0.568357  0.821270  0.049854  -0.163664  -0.737855  0.654816   0.000000
235  1  1.000000 -5.128009  -7.184510  -2.992797  -0.848809  0.518120  0.105236  0.792207  -0.059129  -0.607381   0.000000
236  1  1.000000 7.194393  9.602973  7.649806  0.494747  -0.344457  -0.797857  -0.406061  0.332171  -0.851338   0.000000
237  1  1.000000 4.605529  -10.803639  9.940687  0.647590  -0.062281  -0.759440  0.282244  -0.287450  -0.915266   0.000000
238  1  1.000000 -9.524220  -6.261473  3.695921  0.460597  0.233294  -0.856402  0.521652  0.126589  -0.843714   0.000000
239  1  1.000000 5.830194  -5.799863  -9.779963  -0.592257  -0.752544  -0.287939  0.500153  0.030332  -0.865406   0.000000
240  1  1.000000 -10.982870  -2.938636  11.399610  0.032566  -0.937869  -0.345457  0.144046  0.808774  0.570206   0.000000
241  1  1.000000 1.621593  7.848991  -8.080243  -0.978891  0.203815  -0.015212  -0.940957  0.220994  -0.256439   0.000000
242  1  1.000000 -11.384553  2.820463  4.984180  -0.432476  -0.648832  0.626084  -0.425480  -0.155654  0.891481   0.000000
243  1  1.000000 2.793478  -11.359061  4.839719  -0.587541  0.211789  -0.780987  -0.974562  -0.219883  -0.043373   0.000000
244  1  1.000000 -4.427360  7.112057  -4.518098  -0.776380  -0.127112  0.617314  0.840066  0.243132  -0.484950   0.000000
245  1  1.000000 -10.538946  -0.287457  1.312461  0.480822  -0.663098  -0.573682  0.571417  0.390799  -0.721636   0.000000
246  1  1.000000 6.042314  5.649476  -4.980680  -0.596751  0.772447  0.217287  0.737639  -0.609490  0.290536   0.000000
247  1  1.000000 5.840555  7.638098  -14.075664  -0.317878  -0.553561  0.769756  -0.026977  -0.708836  0.704857   0.000000
248  1  1.000000 5.820917  6.412921  -3.503169  -0.408011  -0.341227  -0.846812  0.515619  -0.775021  -0.365349   0.000000
249  1  1.000000 -8.533077  -2.229844  -3.014222  0.133001  0.850819  -0.508347  0.292796  0.679364  -0.672855   0.000000
250  1  1.000000 -10.113939  -6.342561  6.309648  -0.473884  0.848001  -0.237336  -0.058173  -0.280044  0.958223   0.000000
251  1  1.000000 2.963675  -11.367172  9.926845  -0.649356  0.145227  0.746489  -0.651365  0.144060  0.744963   0.000000
252  1  1.000000 -4.856297  -7.927261  -13.283825  -0.904167  0.386417  -0.182110  0.285654  -0.737642  -0.611789   0.000000
253  1  1.000000 6.652948  -8.321552  1.590830  -0.774357  0.021884  -0.632371  0.418852  -0.459185  0.783398   0.000000
254  1  1.000000 -7.601159  -2.506143  -7.211598  -0.219975  0.764955  -0.605356  -0.011347  0.192881  -0.981157   0.000000
255  1  1.000000 -2.467506  8.215112  -11.222562  -0.735032  0.181050  -0.653413  0.334275  0.564520  -0.754704   0.000000
256  1  1.000000 7.235604  -3.451183  -6.885856  -0.359460  -0.849839  0.385438  0.090671  -0.058064  0.994187   0.000000
257  1  1.000000 -1.166779  -7.993978  -8.843706  -0.832891  -0.008549  -0.553372  -0.361875  -0.163001  -0.917866   0.000000
258  1  1.000000 3.901841  -7.328509  -4.839690  -0.853684  -0.509247  0.109050  0.114185  0.493515  -0.862209   0.000000
259  1  1.000000 9.022357  -2.596223  -13.516307  0.013167  0.949551  0.313337  0.250424  0.967549  0.033726   0.000000
260  1  1.000000 -0.806844  11.852504  9.162825  -0.874537  0.077643  -0.478703  -0.991184  -0.094179  0.093194   0.000000
261  1  1.000000 -6.919181  -4.268386  -5.770134  0.407909  -0.152096  -0.900265  -0.403436  0.848151  -0.343335   0.000000
262  1  1.000000 -3.468821  -11.164256  4.809286  -0.958342  0.204156  0.199754  0.592721  0.183357  -0.784259   0.000000
263  1  1.000000 -10.231804  2.925306  13.440299  -0.519569  -0.774256  -0.361354  0.235319  -0.794169  0.560286   0.000000
264  1  1.000000 -9.843652  4.455299  1.977776  0.108319  0.923543  0.367880  0.050148  0.903288  0.426093   0.000000
265  1  1.000000 11.417721  0.140309  11.235226  -0.286010  0.836801  0.466864  -0.508386  0.047550  0.859816   0.000000
266  1  1.000000 -7.455719  6.369007  -14.535440  -0.766990  -0.597469  -0.234000  0.798067  0.497149  0.340488   0.000000
267  1  1.000000 9.142412  7.525696  9.414012  -0.586111  0.331805  0.739175  0.658310  -0.519549  -0.544699   0.000000
268  1  1.000000 8.612606  -7.517685  11.189274  -0.150165  -0.747487  -0.647081  -0.686897  -0.155626  0.709897   0.000000
269  1  1.000000 -6.413522  4.792686  -7.116706  -0.584683  -0.746867  0.316760  -0.133613  -0.285313  -0.949075   0.000000
270  1  1.000000 3.060985  -7.414623  -8.202555  -0.837581  -0.395815  -0.376547  -0.675742  -0.364133  -0.640920   0.000000
271  1  1.000000 -1.247101  8.027743  -5.809630  -0.609271  -0.309260  -0.730170  0.575286  -0.147121  -0.804613   0.000000
272  1  1.000000 7.680027  3.153423  -4.840921  -0.111167  0.857123  0.502973  -0.531566  0.485215  -0.694265   0.000000
273  1  1.000000 6.070485  8.518945  13.890550  -0.018232  -0.700842  0.713084  0.234003  0.599478  -0.765421   0.000000
274  1  1.000000 5.052865  -10.720707  5.650330  -0.745769  -0.503948  0.435735  -0.894439  -0.308196  -0.324027   0.000000
275  1  1.000000 -8.553352  -8.410220  7.179071  -0.470269  0.415799  0.778433  0.584909  -0.546784  -0.599089   0.000000
276  1  1.000000 -11.604448  -2.091351  5.299840  0.182558  -0.983092  -0.014227  -0.319616  -0.180321  0.930231   0.000000
277  1  1.000000 -11.631555  -0.074469  4.556343  0.213770  0.865632  -0.452750  0.409837  -0.352209  -0.841417   0.000000
278  1  1.000000 -10.854895  1.542288  2.401106  0.481063  -0.471372  -0.739180  -0.529774  0.335689  0.778879   0.000000
279  1  1.000000 -1.008467  9.220567  -13.230263  0.496532  0.569134  -0.655395  -0.991987  -0.124657  0.020575   0.000000
280  1  1.000000 -7.479173  7.372713  13.788265  -0.786760  -0.590515  -0.179725  0.003215  0.757440  -0.652896   0.000000
281  1  1.000000 3.116480  -8.556187  -12.787612  -0.055922  -0.634938  -0.770537  -0.908427  0.002535  0.418035   0.000000
282  1  1.000000 -3.431384  -10.000346  13.613449  -0.585826  -0.398063  -0.705942  -0.960251  0.270275  -0.069775   0.000000
283  1  1.000000 10.748012  4.117446  4.084343  0.145003  0.698250  0.701014  0.531395  -0.731865  0.426605   0.000000
284  1  1.000000 -9.776310  6.217238  10.628633  -0.538281  -0.045874  -0.841516  -0.496419  -0.863679  0.087336   0.000000
285  1  1.000000 5.719212  8.820470  1.237002  -0.781892  0.613556  0.110426  0.159286  -0.737112  -0.656729   0.000000
286  1  1.000000 8.194923  1.645248  -10.403106  -0.182930  -0.719006  0.670498  -0.391817  0.785009  0.479834   0.000000
287  1  1.000000 4.034189  7.671156  -11.517693  0.608824  -0.645570  0.461056  -0.428647  0.660489  -0.616454   0.000000
288  1  1.000000 11.434473  -3.628469  7.212388  -0.006801  0.143580  -0.989615  0.190535  0.455431  0.869643   0.000000
289  1  1.000000 -7.129297  5.915634  -1.799375  -0.794128  -0.357549  0.491446  -0.768735  -0.176581  0.614708   0.000000
290  1  1.000000 4.608341  -9.122840  0.527993  0.685920  -0.280041  0.671633  -0.120397  -0.709005  0.694850   0.000000
291  1  1.000000 9.471660  1.886654  -0.821144  -0.427079  -0.623373  -0.654989  -0.045317  0.982847  0.178771   0.000000
292  1  1.000000 -3.793234  -7.226725  -5.566536  0.873007  -0.321544  -0.366700  -0.869815  0.486704  -0.080877   0.000000
293  1  1.000000 -8.429102  -7.383967  11.909807  -0.640846  0.766879  0.034830  -0.157477  -0.608838  -0.777507   0.000000
294  1  1.000000 -7.916513  3.333552  -3.736648  -0.247451  0.589432  0.768985  0.570924  0.700565  -0.428083   0.000000
295  1  1.000000 1.868504  -9.093394  -13.250292  -0.684542  -0.535551  -0.494558  -0.068166  -0.631032  -0.772756   0.000000
296  1  1.000000 8.562123  2.522466  -12.293253  0.535605  -0.721773  -0.438372  -0.504486  0.778475  0.373459   0.000000
297  1  1.000000 0.822482  8.189634  -5.183367  0.483799  -0.361555  -0.797005  -0.974118  0.160379  0.159287   0.000000
298  1  1.000000 -10.641129  1.803389  1.946266  0.540286  -0.344933  -0.767537  -0.540821  0.343335  0.767876   0.000000
299  1  1.000000 2.807920  10.246644  13.483982  0.315660  -0.653908  0.687578  0.156184  -0.653785  0.740386   0.000000
300  1  1.000000 7.724429  3.216311  -10.439847  -0.138342  0.886942  -0.440677  -0.121879  0.877218  -0.464364   0.000000
301  1  1.000000 0.660380  8.207768  -9.834282  0.492430  -0.353546  0.795310  -0.713443  0.306186  -0.630277   0.000000
302  1  1.000000 8.106177  -1.538034  -5.083151  0.413764  0.345019  0.842473  0.407671  0.532867  0.741524   0.000000
303  1  1.000000 -3.386041  -10.492713  12.429319  -0.687379  -0.283535  -0.668669  -0.830858  -0.139099  -0.538820   0.000000
304  1  1.000000 3.503170  -11.398043  8.818351  -0.632832  -0.358481  -0.686305  -0.897117  -0.342426  -0.279151   0.000000
305  1  1.000000 3.687413  -11.029355  10.453392  -0.902562  -0.085617  0.421962  0.509317  0.521085  0.684884   0.000000
306  1  1.000000 2.435398  8.292345  -11.438082  0.186903  0.490797  -0.850991  -0.788999  0.478691  -0.385142   0.000000
307  1  1.000000 9.629860  -3.497809  0.587407  0.437981  -0.541600  0.717525  0.116745  0.958131  -0.261451   0.000000
308  1  1.000000 6.791918  -4.229889  -7.322509  0.529201  0.847962  0.030122  0.508279  0.796915  0.326464   0.000000
309  1  1.000000 6.859936  -9.625318  5.457093  0.761869  0.621242  -0.183341  0.040108  -0.367958  0.928977   0.000000
310  1  1.000000 -6.075445  8.665067  1.411669  0.383772  0.769185  0.510954  0.362617  0.769213  0.526137   0.000000
311  1  1.000000 -7.060241  4.492986  -4.554606  0.437102  0.874944  0.208362  -0.604244  -0.274160  0.748148   0.000000
312  1  1.000000 -6.895971  4.563156  -10.005141  0.441654  -0.014758  0.897064  -0.551642  -0.222301  -0.803911   0.000000
313  1  1.000000 -7.004677  4.767185  -10.852152  0.315316  -0.374974  0.871763  0.619190  0.772065  0.143245   0.000000
314  1  1.000000 -7.753818  -6.884065  14.114483  -0.661529  0.749910  0.003872  0.725132  0.036089  0.687663   0.000000
315  1  1.000000 6.254802  -7.762766  -14.926243  -0.649329  -0.734662  -0.196581  0.431788  -0.476158  -0.766050   0.000000
316  1  1.000000 -7.303775  -8.102982  2.252382  0.657990  -0.738907  0.145138  0.601041  0.227865  -0.766046   0.000000
317  1  1.000000 -7.444818  4.889583  -12.239188  0.653549  0.727302  0.209535  -0.651528  -0.022940  -0.758278   0.000000
318  1  1.000000 -2.997114  -7.440441  -6.800912  -0.365706  0.264880  -0.892243  -0.502467  0.308812  -0.807566   0.000000
319  1  1.000000 11.633083  -2.101836  9.532938  -0.347418  -0.110731  0.931149  -0.264813  -0.923122  0.278784   0.000000
320  1  1.000000 -3.844437  9.565413  14.259192  0.679135  0.621426  -0.390648  0.339409  -0.546521  0.765583   0.000000
321  1  1.000000 -10.529161  5.448681  5.673483  0.079933  -0.450550  -0.889166  -0.500396  -0.847937  0.174949   0.000000
322  1  1.000000 -8.579461  1.346167  -11.572403  0.545676  0.312462  0.777564  0.388328  -0.546254  0.742164   0.000000
323  1  1.000000 -7.580484  -4.122219  -11.393144  0.464657  0.235314  0.853652  -0.386250  0.909146  0.155769   0.000000
324  1  1.000000 -0.514953  11.987351  7.690631  0.262896  -0.020991  0.964596  0.551227  0.051552  -0.832761   0.000000
325  1  1.000000 -10.302078  -5.750421  5.337275  0.496301  -0.267993  -0.825751  0.359705  -0.879280  0.312217   0.000000
326  1  1.000000 -7.738724  8.646802  10.556159  0.712293  0.696381  -0.087705  -0.794407  -0.569880  -0.210129   0.000000
327  1  1.000000 10.496212  3.592246  2.763178  -0.520462  0.783012  -0.340605  -0.420032  0.894400  -0.153696   0.000000
328  1  1.000000 -5.579085  9.116425  13.323026  -0.471251  -0.736262  0.485634  -0.678220  -0.677515  0.284590   0.000000
329  1  1.000000 -2.628222  -11.521692  9.554692  -0.068130  0.350394  0.934121  -0.063263  0.349523  0.934789   0.000000
330  1  1.000000 -10.108998  4.086336  12.761547  0.087590  -0.842691  0.531225  0.037110  0.910981  -0.410777   0.000000
331  1  1.000000 0.098375  -8.001026  -7.307154  -0.936432  0.000356  -0.350850  -0.998914  -0.010748  -0.045337   0.000000
332  1  1.000000 -0.138551  9.106820  -12.792386  0.968563  -0.139646  0.205875  -0.293739  0.570609  -0.766892   0.000000
333  1  1.000000 -10.495074  1.389310  13.578621  -0.055248  0.972168  -0.227678  0.147235  0.988895  0.020210   0.000000
334  1  1.000000 6.229905  -8.332653  0.971349  -0.462957  -0.779121  0.422659  0.509800  0.771371  -0.380908   0.000000
335  1  1.000000 -0.171400  -10.555940  13.651617  -0.954116  -0.178165  -0.240664  -0.759325  -0.400413  -0.512928   0.000000
336  1  1.000000 -6.000563  5.362504  -6.456667  -0.190329  0.054178  0.980224  0.241559  0.497389  0.833219   0.000000
337  1  1.000000 10.118487  6.396289  6.680912  -0.393769  0.760935  0.515678  -0.463208  0.545901  -0.698162   0.000000
338  1  1.000000 4.256822  7.519161  -3.568661  -0.372212  0.666678  0.645755  -0.338312  -0.407419  -0.848266   0.000000
339  1  1.000000 -2.247491  11.568020  9.737814  -0.033023  -0.365084  0.930389  -0.255292  -0.390565  0.884468   0.000000
340  1  1.000000 -10.260858  -6.198979  8.022924  0.496399  -0.741822  0.450876  0.362430  -0.707375  -0.606849   0.000000
341  1  1.000000 7.406730  -3.166732  -8.625395  -0.284577  -0.868054  -0.406814  -0.357134  -0.918845  -0.167865   0.000000
342  1  1.000000 -9.806790  -1.356053  -14.761411  -0.530712  0.670406  -0.518556  -0.643951  -0.015533  -0.764909   0.000000
343  1  1.000000 7.170507  3.615266  -6.667310  -0.450219  0.724395  -0.522067  0.146201  -0.554497  -0.819243   0.000000
344  1  1.000000 -0.233871  11.868983  5.777694  0.852268  0.163725  0.496823  -0.550245  0.226818  0.803607   0.000000
345  1  1.000000 2.099275  9.017698  -13.187346  0.201676  0.582265  -0.787587  0.562608  0.432108  -0.704808   0.000000
346  1  1.000000 8.407131  4.872561  -14.322312  0.116454  -0.899039  0.422099  0.297531  -0.922161  0.247174   0.000000
347  1  1.000000 10.973272  -1.092364  2.576188  -0.589120  -0.100441  -0.801779  -0.392292  -0.812547  -0.431132   0.000000
348  1  1.000000 7.367687  9.118376  4.956890  -0.774348  0.330592  -0.539531  -0.211072  -0.332231  -0.919278   0.000000
349  1  1.000000 0.150625  8.469155  -4.157085  -0.501086  -0.404200  -0.765203  -0.932620  0.184135  0.310347   0.000000
350  1  1.000000 -5.713603  -5.640302  -8.308300  -0.587861  0.462095  -0.663994  0.276425  -0.087739  0.957022   0.000000
351  1  1.000000 -7.462843  -5.198356  -2.242325  -0.444407  0.876969  -0.182835  0.751545  -0.340218  -0.565183   0.000000
352  1  1.000000 -9.000681  0.324546  -12.517982  -0.063784  -0.997231  -0.038245  0.419165  -0.672939  0.609471   0.000000
353  1  1.000000 -1.098363  -8.298938  -10.456433  -0.284018  0.452251  0.845460  -0.976759  0.183555  0.110674   0.000000
354  1  1.000000 8.420855  8.493714  8.450305  -0.144365  -0.086790  0.985711  -0.680660  0.713543  -0.166007   0.000000
355  1  1.000000 0.895255  11.278212  3.421637  -0.888144  -0.193612  -0.416792  -0.460378  -0.448801  -0.765918   0.000000
356  1  1.000000 8.000523  -0.332242  -7.088620  -0.060763  -0.954194  -0.292954  0.043302  -0.479815  0.876300   0.000000
357  1  1.000000 7.835155  -2.844183  -4.694608  -0.232662  0.496905  -0.836035  -0.017426  -0.822241  0.568873   0.000000
358  1  1.000000 -1.568806  8.214944  -4.576251  -0.163067  0.409014  0.897840  0.781985  0.388343  0.487534   0.000000
359  1  1.000000 6.286636  7.389749  -14.286091  0.850077  -0.188190  -0.491887  -0.476255  0.800614  -0.363591   0.000000
360  1  1.000000 7.506864  -3.489095  -4.951995  0.548746  0.653475  0.521391  -0.509453  -0.814015  -0.278995   0.000000
361  1  1.000000 3.321447  -9.333115  -14.776740  0.200443  -0.609784  -0.766803  0.826260  -0.180048  -0.533738   0.000000
362  1  1.000000 7.412592  -9.145963  5.201225  0.426500  0.656406  -0.622277  0.762585  0.644687  -0.053328   0.000000
363  1  1.000000 5.270705  8.227846  -14.452758  -0.891941  0.149667  0.426661  -0.876801  0.472269  0.090455   0.000000
364  1  1.000000 4.542704  7.257328  -11.168424  0.868429  -0.249186  -0.428647  -0.318298  -0.393213  0.862595   0.000000
365  1  1.000000 8.391259  -0.967975  -4.245461  0.461719  0.430627  0.775484  -0.072378  0.937709  -0.339799   0.000000
366  1  1.000000 -0.464866  8.145369  -5.585578  -0.203773  -0.315194  -0.926892  -0.877388  0.103369  0.468514   0.000000
367  1  1.000000 -9.575701  7.083385  6.069049  -0.497772  -0.806060  -0.320140  -0.372772  -0.121328  0.919957   0.000000
368  1  1.000000 1.724397  11.832136  8.490353  -0.987931  0.150423  -0.036956  -0.896410  0.053941  0.439932   0.000000
369  1  1.000000 10.700179  2.081238  2.230527  -0.602384  -0.028169  -0.797709  0.016142  0.963527  0.267126   0.000000
370  1  1.000000 5.622807  5.955088  -5.400938  -0.002186  0.441948  0.897038  0.241536  0.233780  0.941811   0.000000
371  1  1.000000 -0.333007  -11.917290  8.838364  -0.999217  0.032987  0.021848  0.549909  -0.203200  -0.810130   0.000000
372  1  1.000000 8.079669  -3.995095  -12.536926  0.103846  -0.787912  -0.606969  0.579859  0.778669  -0.239664   0.000000
373  1  1.000000 0.182408  -11.983456  8.088167  -0.822274  -0.070652  -0.564690  -0.139376  0.099310  0.985247   0.000000
374  1  1.000000 8.450028  -2.216219  -11.732968  -0.030498  0.914730  0.402912  0.234251  0.971691  0.030691   0.000000
375  1  1.000000 0.381832  10.768537  1.900708  -0.704201  -0.418329  -0.573674  0.087602  -0.611044  -0.786735   0.000000
376  1  1.000000 -10.579166  -4.641826  10.755963  0.222564  -0.922335  -0.315854  -0.556784  0.716365  -0.420490   0.000000
377  1  1.000000 -0.167150  11.686553  10.204040  0.491041  -0.351326  0.797151  0.998116  0.036459  -0.049348   0.000000
378  1  1.000000 -7.248193  3.441342  -6.764837  -0.109601  0.066254  0.991765  0.439823  0.810436  -0.386976   0.000000
379  1  1.000000 3.745223  8.487819  -1.765058  -0.485606  0.681614  0.547348  -0.920630  0.389972  -0.019035   0.000000
380  1  1.000000 3.131803  8.036462  -11.381059  -0.614550  0.585047  -0.529196  0.846573  -0.480049  0.229929   0.000000
381  1  1.000000 8.850404  4.548939  -14.883022  -0.714620  0.506565  0.482400  -0.714469  0.130833  0.687325   0.000000
382  1  1.000000 -0.624427  -8.534761  -3.846232  0.513296  0.403258  -0.757569  0.768794  0.278672  -0.575584   0.000000
383  1  1.000000 -9.945214  -2.646373  0.697876  -0.667400  0.175259  0.723783  0.570163  0.309770  -0.760892   0.000000
384  1  1.000000 0.977488  -9.292351  -1.596575  0.541371  -0.487910  0.684734  -0.418756  -0.591994  0.688612   0.000000
385  1  1.000000 -6.513804  4.963654  -5.404889  0.342105  0.767393  0.542285  0.251290  0.713710  0.653813   0.000000
386  1  1.000000 7.646013  -2.442701  -6.718584  0.057353  0.552492  -0.831543  0.086360  0.620069  -0.779779   0.000000
387  1  1.000000 -5.442977  -10.583212  9.009682  -0.014720  -0.274107  -0.961587  -0.840404  0.496121  0.218138   0.000000
388  1  1.000000 4.511033  9.607204  13.511210  0.661866  0.295924  -0.688740  0.514552  0.417926  -0.748715   0.000000
389  1  1.000000 -7.460999  -3.861712  -4.422933  -0.206653  0.876133  -0.435529  0.475518  0.043319  -0.878639   0.000000
390  1  1.000000 -3.353215  8.305846  -2.618898  -0.013686  0.607024  0.794565  0.633373  0.616393  0.467866   0.000000
391  1  1.000000 2.726667  -7.536367  -8.074457  0.140343  -0.054932  -0.988578  -0.806307  -0.233616  0.543409   0.000000
392  1  1.000000 10.515876  -0.127468  13.752446  0.456617  0.696338  -0.553727  -0.182974  0.953287  0.240343   0.000000
393  1  1.000000 6.556368  -6.187355  -2.458888  0.530184  0.813974  -0.237383  0.799042  0.512274  0.314812   0.000000
394  1  1.000000 -2.487020  7.670310  -6.294280  0.447375  0.328127  0.831978  0.611767  0.354016  0.707399   0.000000
395  1  1.000000 11.215440  -2.080579  3.725010  -0.534782  -0.280152  -0.797197  -0.230719  -0.969386  -0.084025   0.000000
396  1  1.000000 7.760667  -6.194153  -14.831719  -0.768081  -0.117481  0.629483  -0.135486  -0.850918  -0.507526   0.000000
397  1  1.000000 -7.788267  -7.417327  13.151301  0.338229  0.524066  0.781637  0.027684  0.734102  0.678475   0.000000
398  1  1.000000 -3.143562  -11.565532  6.917548  -0.052832  0.119102  -0.991475  -0.057633  -0.089378  0.994329   0.000000
399  1  1.000000 -7.903519  -1.369480  -6.802710  0.143653  -0.969799  0.197113  -0.198815  0.932835  0.300485   0.000000
400  1  1.000000 -8.036563  3.496898  -3.179650  -0.619048  -0.613808  0.489918  0.212552  -0.676185  -0.705405   0.000000
401  1  1.000000 5.625846  -9.914474  3.700335  0.192755  0.628141  -0.753846  -0.897327  -0.267684  -0.350927   0.000000
402  1  1.000000 9.290407  4.286863  0.554526  -0.038749  0.908846  0.415329  0.483242  0.447361  0.752560   0.000000
403  1  1.000000 -1.717681  9.862179  14.974588  0.444784  0.623897  -0.642588  -0.067555  -0.653129  0.754227   0.000000
404  1  1.000000 11.347350  2.593724  4.590429  -0.253164  -0.571741  -0.780397  -0.070228  -0.842402  -0.534254   0.000000
405  1  1.000000 -2.107856  8.033540  -4.826290  0.936699  0.090118  -0.338340  0.636450  -0.178250  -0.750439   0.000000
406  1  1.000000 11.765854  1.791452  5.994918  0.281510  -0.250667  0.926239  0.050109  -0.934985  -0.351131   0.000000
407  1  1.000000 0.170234  11.984401  8.073103  0.899873  -0.056175  0.432519  -0.291932  0.099580  -0.951241   0.000000
408  1  1.000000 -8.304756  -5.446401  -14.836143  0.753987  -0.500939  0.424928  0.728130  -0.597526  0.335841   0.000000
409  1  1.000000 4.810297  8.863451  0.202095  0.185733  0.622904  0.759930  -0.539205  0.715564  0.444102   0.000000
410  1  1.000000 -7.395925  -6.148286  -14.081798  -0.271107  0.866167  0.419829  0.802901  -0.314134  0.506626   0.000000
411  1  1.000000 9.971910  2.018652  14.583647  0.621898  0.155917  -0.767420  0.602731  0.232874  -0.763207   0.000000
412  1  1.000000 8.225812  7.939422  3.811597  0.244987  -0.760314  -0.601584  0.774551  -0.371484  0.511929   0.000000
413  1  1.000000 11.255504  -4.029575  8.513904  -0.348752  -0.594686  0.724376  0.371505  0.753697  -0.542149   0.000000
414  1  1.000000 -7.999622  0.108620  -7.590566  0.009944  0.977728  -0.209642  0.018560  0.926198  0.376580   0.000000
415  1  1.000000 7.450744  5.124799  -2.382094  0.528456  0.274521  0.803351  0.743049  -0.493487  0.452050   0.000000
416  1  1.000000 0.464766  -11.977557  6.946376  0.088729  0.099570  -0.991067  0.159566  0.101436  -0.981962   0.000000
417  1  1.000000 3.451315  -9.487955  14.770296  0.573606  0.651160  0.496958  -0.708217  -0.595412  -0.379359   0.000000
418  1  1.000000 1.980421  -11.696271  5.720845  0.672412  -0.112453  0.731585  0.812683  -0.042176  0.581178   0.000000
419  1  1.000000 -1.081977  10.354363  14.012403  0.996719  0.055878  0.058559  0.162403  -0.617488  0.769632   0.000000
420  1  1.000000 -2.907080  -8.852984  -1.661304  0.188424  0.589339  -0.785606  0.196957  0.586539  -0.785608   0.000000
421  1  1.000000 8.020045  -8.261758  4.100920  -0.608763  0.014074  -0.793227  0.619371  0.002425  0.785095   0.000000
422  1  1.000000 -9.733786  -6.278044  4.359571  0.238113  0.446027  -0.862764  -0.661090  0.480435  0.576318   0.000000
423  1  1.000000 7.422462  4.555240  -11.649104  0.097209  0.703144  -0.704371  0.046442  0.742146  -0.668627   0.000000
424  1  1.000000 4.076476  6.943843  -8.591096  -0.357403  0.395965  -0.845857  -0.843277  0.421728  0.333211   0.000000
425  1  1.000000 -8.768193  0.493326  -3.126254  0.069095  -0.979992  -0.186660  0.431120  0.682622  -0.590054   0.000000
426  1  1.000000 -10.218655  -4.917492  3.506588  -0.272741  0.928437  -0.252223  0.525115  0.117454  -0.842887   0.000000
427  1  1.000000 -6.023023  -7.692462  -0.550563  0.555549  -0.769062  0.316083  0.848641  -0.507769  -0.148256   0.000000
428  1  1.000000 1.574108  -11.293925  3.712606  0.992575  0.087272  0.084724  -0.863955  0.166131  -0.475376   0.000000
429  1  1.000000 2.342130  -11.654454  9.109306  -0.841954  -0.296575  -0.450730  0.158477  -0.238883  -0.958029   0.000000
430  1  1.000000 -5.348465  10.065006  3.694985  -0.651655  0.157204  0.742046  0.869732  0.491613  0.043395   0.000000
431  1  1.000000 -2.212403  -8.300141  -11.264002  -0.825524  -0.119144  -0.551648  -0.940835  0.319756  0.112183   0.000000
432  1  1.000000 11.505475  1.626967  4.507747  -0.451997  0.401824  -0.796389  0.210330  -0.966285  0.148505   0.000000
433  1  1.000000 7.220742  -4.107908  -10.182683  0.580183  0.763286  -0.284221  0.374246  -0.165705  -0.912404   0.000000
434  1  1.000000 -6.180894  5.145490  -8.484412  -0.651461  -0.713185  -0.258777  0.532726  0.447354  0.718385   0.000000
435  1  1.000000 -8.659148  3.768909  -1.345549  -0.011538  0.890523  0.454792  -0.481785  0.431244  0.762831   0.000000
436  1  1.000000 9.471036  4.447188  13.884125  -0.445117  -0.489650  0.749742  0.422321  -0.906439  0.003669   0.000000
437  1  1.000000 11.816725  1.983090  8.141572  -0.198596  0.830673  0.520136  0.163341  -0.986381  0.019283   0.000000
438  1  1.000000 9.976480  -0.291973  -0.045953  -0.211054  -0.952726  -0.218562  -0.600668  0.329939  -0.728243   0.000000
439  1  1.000000 9.778748  4.855768  12.723158  0.681934  -0.530305  -0.503729  0.426301  -0.904170  0.027288   0.000000
440  1  1.000000 5.910946  -6.472917  -3.175615  -0.559605  -0.774445  0.295089  -0.242814  -0.759954  0.602919   0.000000
441  1  1.000000 2.318848  -9.900537  14.597342  0.725844  -0.341791  -0.596933  -0.962694  0.006455  0.270514   0.000000
442  1  1.000000 6.587110  -4.792724  -5.663190  0.018138  0.490504  -0.871250  -0.417069  -0.089920  -0.904416   0.000000
443  1  1.000000 8.711322  -2.919422  -13.002544  0.367092  0.927573  -0.069653  -0.623184  -0.570316  0.535147   0.000000
444  1  1.000000 6.031786  5.691476  -10.117543  -0.577247  0.095861  0.810923  -0.731165  0.656197  0.186558   0.000000
445  1  1.000000 -8.842540  -1.977990  -12.666698  -0.026388  0.967688  0.250764  0.562132  0.203400  0.801646   0.000000
446  1  1.000000 -6.060473  7.126118  -13.431459  0.671073  -0.178361  0.719617  0.796627  0.050475  0.602360   0.000000
447  1  1.000000 11.262168  -4.142122  7.421966  0.260719  0.733764  -0.627388  0.154623  0.384311  0.910163   0.000000
448  1  1.000000 -0.428235  11.697733  4.876319  -0.847870  0.186295  0.496397  0.549732  0.351834  0.757633   0.000000
449  1  1.000000 9.345491  -5.722633  12.613879  -0.103602  0.750249  0.652988  0.609763  0.777237  -0.155216   0.000000
450  1  1.000000 -3.828108  -9.981950  1.683914  0.534413  -0.654885  0.534349  0.880728  0.058035  -0.470053   0.000000
451  1  1.000000 0.436018  -11.013102  12.439879  -0.818636  -0.356782  -0.450046  -0.208464  -0.577279  -0.789489   0.000000
452  1  1.000000 -3.189209  -11.259900  4.863860  -0.003440  -0.414601  0.909997  0.215455  0.354503  -0.909894   0.000000
453  1  1.000000 -2.624941  -9.175077  -13.899719  0.530706  0.454862  0.715159  -0.693217  -0.340539  -0.635203   0.000000
454  1  1.000000 -7.931398  7.551528  2.367015  0.259338  0.819139  0.511621  -0.791093  -0.554201  0.258907   0.000000
455  1  1.000000 -7.057574  9.698836  7.842245  -0.149895  -0.181196  0.971956  0.019811  0.088314  -0.995896   0.000000
456  1  1.000000 11.538586  -1.133704  4.404295  0.160746  0.978787  0.127034  0.453585  0.005615  0.891195   0.000000
457  1  1.000000 -10.232414  -0.462747  0.581249  -0.400382  0.805304  0.437241  -0.467559  -0.651807  0.597106   0.000000
458  1  1.000000 6.036050  5.319940  -6.475683  -0.224297  0.482823  0.846506  0.321038  -0.568556  -0.757416   0.000000
459  1  1.000000 -8.456484  -8.253313  5.438628  -0.496902  0.075222  0.864540  -0.306401  -0.157251  0.938824   0.000000
460  1  1.000000 -5.376657  -6.364469  -4.711220  0.059096  0.479548  -0.875523  -0.732280  0.231263  0.640534   0.000000
461  1  1.000000 -11.631068  -2.712550  6.359207  0.288093  -0.849539  -0.441912  -0.217009  0.974847  -0.050792   0.000000
462  1  1.000000 3.180272  -8.453926  -12.588655  0.243468  0.653212  0.716964  0.466104  0.647564  0.602834   0.000000
463  1  1.000000 -10.384060  0.369631  14.061390  -0.477395  -0.684435  -0.551038  0.175851  0.969287  0.171927   0.000000
464  1  1.000000 -7.124695  -6.898814  -14.802763  -0.483173  -0.423243  -0.766426  -0.706808  -0.110767  -0.698680   0.000000
465  1  1.000000 4.236193  -7.751445  -2.973371  0.034807  -0.600493  0.798872  -0.811598  -0.563400  0.154559   0.000000
466  1  1.000000 -7.387570  -3.092256  -7.056138  -0.069810  -0.034023  0.996980  -0.373542  0.796728  0.475070   0.000000
467  1  1.000000 -1.889922  9.314949  -1.194775  -0.836159  0.239153  0.493602  0.236359  0.647773  0.724240   0.000000
468  1  1.000000 10.773649  2.850196  12.091682  0.553919  -0.629291  -0.545130  -0.496926  0.761790  0.415621   0.000000
469  1  1.000000 -10.839031  -4.859291  5.826736  -0.184235  0.806219  -0.562199  -0.084469  -0.440109  0.893963   0.000000
470  1  1.000000 11.810019  -0.303061  9.576027  -0.205816  -0.827167  0.522910  0.281275  0.594099  -0.753612   0.000000
471  1  1.000000 -5.622515  10.600773  7.398089  0.883470  0.468424  -0.007736  -0.724897  -0.395885  -0.563737   0.000000
472  1  1.000000 -11.748224  2.297690  6.683163  -0.024798  0.511459  0.858950  0.215255  0.957332  -0.192825   0.000000
473  1  1.000000 -2.218048  -10.580343  1.991810  -0.576694  -0.425070  0.697667  0.141077  0.591611  -0.793784   0.000000
474  1  1.000000 4.799127  10.879552  5.916516  0.185152  0.204867  0.961118  0.267507  -0.381759  -0.884703   0.000000
475  1  1.000000 3.313260  -7.877409  -3.886869  0.875716  0.459955  -0.146844  0.465458  0.601115  -0.649622   0.000000
476  1  1.000000 -6.454786  -6.293849  -12.542247  0.812231  -0.332035  0.479618  0.140204  -0.780345  -0.609430   0.000000
477  1  1.000000 0.402393  -11.751502  9.871221  -0.951248  0.085754  0.296265  -0.769587  0.213938  0.601636   0.000000
478  1  1.000000 -5.700754  -5.722051  -6.169438  -0.613390  0.718073  -0.328822  -0.107805  0.403040  -0.908811   0.000000
479  1  1.000000 -8.713248  -7.497601  10.968860  -0.726790  0.331264  -0.601698  -0.436825  0.821104  0.367386   0.000000
480  1  1.000000 5.846626  10.038582  10.503938  0.426116  0.248141  -0.869972  -0.861766  0.507221  -0.009316   0.000000
481  1  1.000000 -5.921818  10.207099  5.349478  -0.873230  -0.484468  0.052535  0.456930  -0.107215  -0.883018   0.000000
482  1  1.000000 -8.456878  0.936080  -4.018532  0.237674  -0.781229  -0.577228  -0.419657  0.383181  0.822837   0.000000
483  1  1.000000 6.516108  4.644542  -7.288370  0.081725  -0.051000  0.995349  -0.547806  0.744094  -0.382404   0.000000
484  1  1.000000 -10.185413  1.840537  14.159209  -0.650857  -0.147296  -0.744774  0.549305  -0.389431  0.739329   0.000000
485  1  1.000000 4.931592  -8.648487  -14.894348  -0.895768  -0.091350  0.435035  -0.916337  -0.366041  0.162296   0.000000
486  1  1.000000 -5.860869  -5.473297  -6.838745  -0.601912  0.545750  0.582974  0.198975  -0.367038  0.908676   0.000000
487  1  1.000000 -8.256693  -3.084677  -11.969423  0.419624  -0.900302  0.115637  -0.603757  0.596327  -0.529028   0.000000
488  1  1.000000 9.374627  -0.774118  -13.561543  -0.463761  -0.729555  0.502669  0.238766  0.950326  -0.199679   0.000000
489  1  1.000000 5.570109  -5.775578  -8.239305  0.586549  0.444111  -0.677292  0.396932  0.518727  0.757210   0.000000
490  1  1.000000 -10.705320  -2.637801  2.570628  -0.523007  -0.288511  0.802013  -0.225424  -0.791779  0.567689   0.000000
491  1  1.000000 4.183334  7.973253  -2.488823  -0.123977  -0.589694  -0.798054  0.724534  0.168224  0.668395   0.000000
492  1  1.000000 2.840715  -7.570546  -8.904976  0.924982  0.280570  -0.256298  -0.802058  -0.150998  0.577844   0.000000
493  1  1.000000 8.086600  5.526509  -0.491075  0.771701  -0.405177  0.490214  0.773008  -0.341199  0.534828   0.000000
494  1  1.000000 8.733101  7.521166  4.141924  0.049877  -0.671649  -0.739189  0.387121  0.279913  0.878514   0.000000
495  1  1.000000 -11.275061  3.937528  6.355605  0.119257  -0.239701  -0.963494  0.343926  0.508753  -0.789231   0.000000
496  1  1.000000 0.372815  -11.401904  3.729058  -0.502656  -0.454278  0.735505  0.995311  -0.023337  0.093871   0.000000
497  1  1.000000 1.968622  -7.836430  -6.145665  0.594709  0.326948  -0.734456  -0.971240  -0.235502  -0.035110   0.000000
498  1  1.000000 10.942509  4.298183  5.118821  -0.484952  0.362195  -0.796013  0.449679  -0.187767  0.873231   0.000000
499  1  1.000000 -4.854361  -6.415637  -6.482992  0.635977  -0.325856  -0.699536  0.486746  -0.178385  -0.855136   0.000000
500  1  1.000000 -11.981352  0.329136  8.067861  -0.057515  -0.946731  -0.316849  0.019037  0.996301  -0.083792   0.000000
501  1  1.000000 7.328181  7.976757  2.048363  -0.318982  -0.523973  -0.789749  0.550821  0.299786  0.778925   0.000000
502  1  1.000000 -6.328920  -5.674268  -4.048658  0.750522  -0.401080  -0.525216  0.097799  0.568856  -0.816602   0.000000
503  1  1.000000 -10.559062  -1.998601  1.826462  0.273243  0.798443  -0.536495  0.352020  0.706406  -0.614063   0.000000
504  1  1.000000 11.130758  -2.667460  11.141710  0.443995  -0.269571  -0.854517  -0.386673  -0.872639  0.298305   0.000000
505  1  1.000000 8.175601  -7.355610  12.506833  0.795120  0.476522  -0.375114  -0.757313  -0.152316  0.635040   0.000000
506  1  1.000000 4.837970  -9.032232  0.589554  -0.874596  -0.011309  -0.484720  -0.837409  0.063462  -0.542879   0.000000
507  1  1.000000 5.443897  -9.763625  11.990619  0.417726  0.690498  0.590523  -0.454675  -0.689955  -0.563234   0.000000
508  1  1.000000 -6.752437  -6.474690  -1.567715  0.307976  -0.837779  0.450863  0.824605  -0.359688  -0.436636   0.000000
509  1  1.000000 -1.756766  -9.678937  -14.610615  -0.050995  -0.640797  -0.766015  -0.403782  0.633444  0.660082   0.000000
510  1  1.000000 1.451373  -10.704143  1.970294  -0.514928  0.480155  -0.710141  -0.980507  0.018541  -0.195605   0.000000
511  1  1.000000 8.000632  -0.047759  -7.367150  -0.020019  0.330551  -0.943576  0.019886  -0.339894  0.940254   0.000000
512  1  1.000000 0.235882  -8.131348  -9.262808  -0.764536  0.166184  0.622790  0.960264  -0.054906  -0.273640   0.000000
513  1  1.000000 -6.760505  -4.858163  -4.739611  0.453179  0.066723  -0.888919  -0.487305  -0.006906  0.873204   0.000000
514  1  1.000000 1.361211  11.411161  4.020644  0.961363  0.038466  0.272583  -0.838653  -0.187304  -0.511447   0.000000
515  1  1.000000 -6.471087  7.588318  -0.064841  -0.866897  -0.306285  0.393291  0.840312  0.507867  -0.189594   0.000000
516  1  1.000000 8.507867  -1.334861  -3.662470  0.505771  0.506635  0.698224  -0.141024  0.878363  -0.456718   0.000000
517  1  1.000000 -8.749190  0.267931  -11.786541  -0.535034  -0.258575  -0.804287  -0.423153  -0.665788  -0.614547   0.000000
518  1  1.000000 5.726655  -7.214667  -13.064258  -0.827864  -0.118162  0.548341  -0.587358  0.280101  0.759312   0.000000
519  1  1.000000 7.423687  -5.106935  -2.470679  -0.404827  -0.884816  0.230684  0.659253  -0.007561  0.751883   0.000000
520  1  1.000000 -3.120286  -7.907586  -4.045780  0.708167  0.133862  -0.693239  0.298970  0.398866  -0.866904   0.000000
521  1  1.000000 -9.747875  -6.273344  4.396064  -0.019540  0.699599  -0.714268  -0.379939  0.874056  -0.302774   0.000000
522  1  1.000000 8.944002  2.631957  -13.351757  -0.333480  0.940220  0.069121  0.369323  -0.921598  -0.119407   0.000000
523  1  1.000000 1.690257  -7.881879  -8.683029  -0.144908  0.173609  0.974095  -0.743952  -0.019183  0.667958   0.000000
524  1  1.000000 -5.943954  -5.618995  -5.461845  0.542502  -0.157223  -0.825210  -0.690427  0.723266  0.014041   0.000000
525  1  1.000000 -2.725957  7.771281  -5.159524  -0.329924  0.263193  0.906576  -0.857187  -0.088633  0.507320   0.000000
526  1  1.000000 -11.494955  3.406758  7.002682  0.189235  0.809069  0.556415  -0.158834  -0.242570  0.957043   0.000000
527  1  1.000000 3.215081  -11.280647  10.010415  0.786856  -0.044841  -0.615505  -0.823935  -0.407154  -0.394153   0.000000
528  1  1.000000 2.291565  7.928934  -5.070173  0.290135  0.301974  0.908093  -0.475034  0.456837  0.752092   0.000000
529  1  1.000000 -7.154827  -9.481054  9.177756  -0.704802  0.641380  0.303125  0.670530  -0.640965  -0.373569   0.000000
530  1  1.000000 7.332300  4.000143  -10.378044  0.554631  -0.221102  -0.802184  -0.525810  0.841633  0.123202   0.000000
531  1  1.000000 4.033377  9.539905  14.141906  0.726098  0.261943  -0.635742  0.888721  0.033433  -0.457227   0.000000
532  1  1.000000 -10.178612  -3.299480  1.707361  0.402300  -0.905991  -0.131661  0.592632  0.173531  -0.786558   0.000000
533  1  1.000000 -10.712510  1.175294  1.904553  -0.477480  -0.712494  0.514164  0.559891  -0.316665  -0.765667   0.000000
534  1  1.000000 -10.786790  -5.211742  8.178123  0.175003  -0.579223  -0.796163  -0.290389  0.359267  -0.886906   0.000000
535  1  1.000000 6.345746  -8.895465  2.300910  0.502353  -0.358954  0.786634  0.126113  0.716039  -0.686574   0.000000
536  1  1.000000 -1.309876  8.666695  -3.177443  0.908728  0.317735  0.270661  -0.963273  0.032095  0.266600   0.000000
537  1  1.000000 5.234835  7.905944  -13.748991  0.032854  0.684768  -0.728020  -0.573221  -0.342743  0.744274   0.000000
538  1  1.000000 7.140476  -3.607808  -7.561688  0.358128  0.722976  0.590805  0.418977  0.819861  -0.390239   0.000000
539  1  1.000000 -1.215705  11.936542  7.697413  0.393240  0.008049  0.919401  0.467689  0.016873  0.883732   0.000000
540  1  1.000000 -5.067599  -10.007607  3.124991  -0.642907  0.639551  -0.421479  -0.684043  -0.180204  0.706832   0.000000
541  1  1.000000 5.337177  -8.590882  14.728204  0.460113  -0.461197  -0.758678  0.665045  -0.271769  -0.695598   0.000000
542  1  1.000000 4.029264  7.273399  -4.784267  0.183041  0.368703  0.911347  -0.708781  0.591181  0.384884   0.000000
543  1  1.000000 7.769763  -8.901313  9.567810  0.742498  0.395974  -0.540278  0.246266  -0.224991  -0.942726   0.000000
544  1  1.000000 3.478659  -9.019358  -14.201176  -0.858132  0.112548  0.500942  0.823784  0.519217  0.227581   0.000000
545  1  1.000000 -0.009961  -11.979450  8.184970  -0.642301  -0.090622  -0.761076  -0.895632  -0.052162  -0.441727   0.000000
546  1  1.000000 -1.368068  -8.196364  -4.807098  0.970533  -0.055531  -0.234481  -0.347339  -0.338998  0.874320   0.000000
547  1  1.000000 -3.584155  -11.178480  9.966522  -0.343657  0.464772  0.816019  -0.178562  -0.343409  -0.922055   0.000000
548  1  1.000000 -2.284299  10.232110  1.167032  -0.794380  0.274114  0.542053  0.366913  -0.545610  -0.753448   0.000000
549  1  1.000000 5.523884  5.820184  -6.756430  -0.636046  0.498081  -0.589373  -0.064106  0.234609  0.969974   0.000000
550  1  1.000000 8.771971  -2.334194  -12.710267  0.079421  -0.905621  -0.416584  0.521365  -0.323293  -0.789722   0.000000
551  1  1.000000 -8.456679  -1.648239  -3.649694  0.101928  -0.984039  0.145867  -0.032925  -0.936300  0.349654   0.000000
552  1  1.000000 -1.724461  -11.179709  3.416057  0.193249  0.507459  -0.839726  0.604142  0.361260  -0.710284   0.000000
553  1  1.000000 8.752004  -4.984664  14.828162  -0.704389  -0.602839  0.374728  0.222451  -0.720509  -0.656798   0.000000
554  1  1.000000 6.525264  4.728273  -6.344674  -0.077559  -0.225233  -0.971213  0.598174  -0.680996  0.422413   0.000000
555  1  1.000000 -11.961988  -0.066192  8.430121  -0.143711  -0.411092  -0.900195  0.037035  -0.980119  0.194926   0.000000
556  1  1.000000 6.316256  7.799156  14.913976  0.840215  -0.521924  -0.147084  -0.755397  -0.088104  0.649317   0.000000
557  1  1.000000 11.091027  -3.149881  4.157587  -0.522459  -0.204113  -0.827874  0.232551  -0.635561  0.736195   0.000000
558  1  1.000000 -3.743697  7.359694  -9.947895  -0.383421  -0.540360  0.748999  -0.342241  0.244226  -0.907317   0.000000
559  1  1.000000 -10.390415  1.869137  1.348048  -0.448363  -0.813978  0.369339  -0.629350  -0.353539  0.692047   0.000000
560  1  1.000000 -6.885769  4.799868  -4.453057  -0.036300  -0.686150  -0.726554  0.625647  0.765235  -0.151598   0.000000
561  1  1.000000 11.021350  3.913616  4.831002  0.409106  0.057064  0.910701  -0.182093  0.931374  0.315253   0.000000
562  1  1.000000 6.051996  9.775467  4.039231  0.876909  -0.294987  0.379490  -0.822895  0.151757  -0.547553   0.000000
563  1  1.000000 10.635937  -3.397414  2.969980  -0.392072  -0.908851  -0.142374  -0.596475  -0.080442  -0.798590   0.000000
564  1  1.000000 -3.359344  -7.301605  -8.423913  0.135654  -0.233171  -0.962928  -0.531770  0.095434  -0.841494   0.000000
565  1  1.000000 -11.449766  2.163435  10.357625  0.419125  0.675261  0.606924  -0.418363  0.084792  -0.904313   0.000000
566  1  1.000000 5.276018  -8.782783  14.412034  -0.509397  -0.736950  -0.444319  -0.023597  0.688685  0.724676   0.000000
567  1  1.000000 7.040644  8.398961  12.610592  0.728987  0.044089  -0.683107  -0.784460  0.618864  0.040380   0.000000
568  1  1.000000 7.540021  2.993451  -9.109069  0.357510  -0.218934  -0.907885  0.436856  -0.815706  -0.379183   0.000000
569  1  1.000000 -0.953937  8.187650  -5.121661  -0.294686  -0.386503  -0.873943  -0.358441  0.312697  0.879625   0.000000
570  1  1.000000 3.348400  -9.784720  14.180023  0.562296  0.644471  0.518151  0.464663  -0.486482  -0.739881   0.000000
571  1  1.000000 8.222684  2.515565  -11.293977  -0.199784  0.967668  -0.153967  -0.554326  0.132992  0.821606   0.000000
572  1  1.000000 -0.649139  9.758386  -0.526390  -0.882707  0.265087  0.388018  -0.734134  -0.463175  -0.496504   0.000000
573  1  1.000000 11.756000  1.652303  5.779461  -0.297559  0.102626  -0.949171  -0.221915  -0.351442  -0.909529   0.000000
574  1  1.000000 -8.071665  -6.520996  14.095378  0.701259  -0.701465  0.127211  0.253531  0.638063  0.727047   0.000000
575  1  1.000000 -4.990870  -9.289477  1.318479  0.256476  -0.723853  0.640513  -0.432774  -0.470881  0.768751   0.000000
576  1  1.000000 7.452357  -3.136855  -8.902256  -0.424418  -0.566996  0.705964  -0.430103  -0.869096  0.244302   0.000000
577  1  1.000000 -10.284706  -4.838991  3.590605  -0.177547  -0.665073  0.725365  -0.301819  -0.513180  0.803462   0.000000
578  1  1.000000 10.708021  -2.197567  2.312406  0.337603  0.920562  0.196441  -0.495384  0.410168  -0.765739   0.000000
579  1  1.000000 -7.393881  -9.297293  5.830206  -0.767160  0.637189  -0.073860  0.229018  0.169423  -0.958565   0.000000
580  1  1.000000 -6.547756  4.607248  -7.877194  -0.248937  -0.452185  0.856481  -0.514634  -0.773816  0.369270   0.000000
581  1  1.000000 7.936609  -1.948110  -5.504153  0.215603  0.974169  -0.067152  0.049563  -0.745807  0.664316   0.000000
582  1  1.000000 7.234431  -3.438951  -7.982528  0.113404  0.043151  -0.992611  -0.396265  -0.883082  -0.251277   0.000000
583  1  1.000000 -3.572491  7.169609  -7.986370  -0.844809  -0.385651  -0.370905  -0.612881  -0.371754  0.697264   0.000000
584  1  1.000000 9.851905  5.599314  11.520341  0.511084  0.167135  -0.843125  0.294287  -0.905282  0.306365   0.000000
585  1  1.000000 -7.839674  4.607952  -12.754256  0.436405  0.893867  -0.102728  -0.606181  0.125996  -0.785283   0.000000
586  1  1.000000 -8.084562  -0.750699  -9.157751  0.029335  0.916204  0.399637  -0.219419  -0.391789  -0.893508   0.000000
587  1  1.000000 -2.965609  -7.442923  -6.976976  0.864530  -0.305095  -0.399380  0.925562  -0.356117  -0.128512   0.000000
588  1  1.000000 -8.734632  -2.593146  -12.801874  -0.467408  0.838894  -0.278902  -0.352749  -0.631859  -0.690161   0.000000
589  1  1.000000 -5.417442  10.150884  4.071080  0.866821  0.169650  -0.468871  0.771333  0.578043  0.266294   0.000000
590  1  1.000000 -0.141388  -11.995212  7.199692  0.709998  0.028684  -0.703620  -0.979065  0.022195  -0.202335   0.000000
591  1  1.000000 9.899738  -2.973635  0.807653  0.341387  0.937358  0.069386  0.241855  -0.794363  0.557219   0.000000
592  1  1.000000 -10.008089  1.686462  0.356489  0.472450  0.784536  -0.401614  -0.616744  0.185773  0.764928   0.000000
593  1  1.000000 -7.265208  8.490452  12.002950  -0.734773  -0.676223  0.053209  -0.672215  0.081489  -0.735858   0.000000
594  1  1.000000 11.260345  -4.143187  7.308429  0.346672  0.931332  0.111533  0.241617  0.719977  -0.650580   0.000000
595  1  1.000000 7.642718  -7.496489  13.278610  -0.821738  -0.457673  0.339532  -0.823778  -0.440878  0.356393   0.000000
596  1  1.000000 -4.842914  -10.655979  4.873070  -0.367666  0.533558  -0.761667  0.783848  -0.058827  -0.618160   0.000000
597  1  1.000000 -8.625466  6.740136  2.354066  -0.069578  0.728182  0.681843  0.147046  -0.676600  -0.721520   0.000000
598  1  1.000000 9.619945  -2.533907  -0.123996  -0.042610  0.941100  -0.335432  0.614160  0.583075  0.531819   0.000000
599  1  1.000000 -6.424643  -5.476817  -4.263145  0.441500  -0.817477  0.369878  -0.691352  0.712131  0.122071   0.000000
