# id	energy	fx	fy	
0	2.761606	-0.383125	-2.609515	
1	0.920565	1.349132	1.735598	
2	1.939896	0.705546	0.690648	
3	2.116032	0.477084	0.101256	
4	2.138154	-0.265915	0.031389	
5	1.731902	0.139227	-1.346433	
6	2.126558	0.526675	-1.122611	
7	1.812431	0.295307	-0.080388	
8	2.074297	-1.231848	2.983325	
9	2.212946	-0.367678	1.643365	
10	2.302485	-1.896309	1.178906	
11	2.641318	-0.533606	0.935217	
12	1.114572	1.707405	0.971547	
13	2.679569	2.831630	-1.586835	
14	1.144062	1.215168	-0.892343	
15	2.338089	-5.148949	1.979773	
16	2.753558	0.815558	-0.464698	
17	1.813371	-0.667676	-2.083140	
18	3.222262	1.161556	0.027297	
19	2.427441	-0.658581	2.821696	
20	2.540644	-0.516921	-0.061959	
21	2.502345	0.165186	-2.164151	
22	1.861714	0.081324	0.110727	
23	2.847678	1.031285	-0.119858	
24	2.761837	-1.670926	-1.319508	
25	2.450501	-2.700296	-0.751614	
26	2.765619	0.349576	0.021017	
27	2.186049	0.377244	3.686731	
28	1.573169	0.445061	0.655805	
29	1.289108	-1.954666	-1.291132	
30	1.718486	-0.652000	0.798997	
31	1.544667	-3.132492	4.091645	
32	2.810387	-1.132556	1.612633	
33	1.550287	-2.124875	0.963910	
34	2.003897	-0.004371	0.004240	
35	1.763686	1.254208	-0.826821	
36	3.251029	-1.247258	-0.755464	
37	2.698126	-0.877868	0.000206	
38	2.092392	0.269267	1.267420	
39	2.039509	-0.609660	-0.087851	
40	2.860828	-1.676429	-1.771951	
41	1.217327	-2.969463	0.885889	
42	1.875026	0.072150	1.885444	
43	1.912828	1.314655	-1.108318	
44	2.349791	-0.058048	1.733663	
45	1.729505	0.860236	-2.140750	
46	2.031808	-0.646871	0.972635	
47	1.260590	0.631590	0.058716	
48	1.313668	-5.193885	1.481645	
49	1.792948	-0.544360	0.266504	
50	2.365277	0.159425	1.447025	
51	2.304984	0.143130	-1.180273	
52	2.246929	-0.046564	-1.735269	
53	2.284161	1.187999	3.769085	
54	2.530683	-0.270400	-1.125062	
55	2.862474	4.966743	0.020210	
56	2.482953	2.129836	-0.543565	
57	2.893762	0.381223	0.076551	
58	1.042808	2.331890	-0.805970	
59	2.599138	0.090150	-0.343377	
60	1.398299	-1.800923	2.220361	
61	1.559472	1.100399	0.298036	
62	2.837169	-1.381032	-0.295496	
63	1.934324	-1.739569	0.054848	
64	1.694444	-0.120749	-0.900786	
65	1.617958	-1.364197	0.880270	
66	1.502653	-0.330715	-0.272687	
67	1.699135	1.224586	0.049087	
68	2.174920	-0.604307	1.147912	
69	2.889821	-0.062665	-0.056738	
70	1.909662	2.765624	-1.155445	
71	1.754963	0.283679	-0.162583	
72	2.644994	-2.168873	0.120674	
73	2.140897	-0.636094	0.676575	
74	1.933124	1.701828	1.316246	
75	2.443680	0.278957	1.958556	
76	1.664457	-0.374188	0.632820	
77	1.163275	-1.036102	0.815852	
78	1.823157	0.543414	-1.143864	
79	2.896892	-0.038192	-0.844833	
80	1.540630	0.174650	-0.262009	
81	2.154526	-0.204215	-0.609597	
82	2.698952	-3.199340	-3.093681	
83	2.030635	1.728802	-1.090941	
84	2.119305	-0.100047	-1.011360	
85	2.042588	-0.882211	0.761077	
86	2.322483	-0.959473	1.322357	
87	1.300929	-0.435263	-0.169456	
88	1.990505	-0.656704	0.059059	
89	1.865177	1.870742	1.244015	
90	3.360065	0.935851	-1.313506	
91	1.248308	-2.981973	0.468814	
92	2.949220	1.962917	0.053210	
93	1.482422	1.408549	-1.801880	
94	2.748022	0.782815	-0.434020	
95	2.417466	2.539895	-3.227949	
96	2.069677	-0.447116	0.731647	
97	1.528412	0.234549	-0.036906	
98	1.742454	0.236699	-0.282892	
99	2.621532	-0.143170	-0.305584	
100	1.545209	0.853582	-2.970208	
101	2.395695	-0.743328	-0.616421	
102	2.311225	0.538714	-1.070990	
103	1.390761	0.658443	1.709958	
104	2.289260	0.521990	0.350169	
105	2.874124	0.881487	-3.073150	
106	2.199275	-0.452711	-1.442595	
107	1.700660	0.195017	-0.522602	
108	2.109454	1.025885	2.065129	
109	1.114748	4.661281	3.509269	
110	1.635379	-1.615374	-0.291056	
111	2.869826	-1.696276	-0.840541	
112	2.730103	-2.410818	0.307692	
113	2.733011	1.413724	2.423097	
114	2.303373	3.883142	-0.955135	
115	2.153940	0.463445	-0.435174	
116	2.793957	-0.485522	2.091905	
117	2.010723	0.793858	-0.084260	
118	1.459317	-0.549350	-0.285988	
119	1.622083	-2.104717	0.241630	
120	3.318690	-0.065626	1.115454	
121	1.599185	0.697620	0.001281	
122	2.664413	-1.400997	0.147924	
123	3.403299	-1.399433	2.589340	
124	1.825592	-1.080948	2.258771	
125	2.982150	-0.009780	0.562716	
126	2.027360	1.739762	1.169534	
127	2.706867	-2.307183	0.777597	
128	2.737209	1.363976	2.272217	
129	2.669532	3.563953	0.628520	
130	1.892617	-3.053771	-2.865017	
131	1.992659	-0.047057	-0.192258	
132	1.983900	4.364930	1.348135	
133	2.067031	0.213495	1.503699	
134	1.897424	-1.126585	1.006348	
135	1.906980	0.199384	0.939548	
136	2.480978	0.621522	1.782266	
137	2.045301	-2.702187	0.459586	
138	1.699410	-0.893634	0.424158	
139	1.266230	1.617035	1.804662	
140	1.933453	2.990085	0.024922	
141	2.251318	-0.158511	0.572404	
142	1.444822	4.016048	1.422896	
143	2.694357	0.135984	-0.315656	
144	2.881682	-0.714394	0.621153	
145	1.735913	0.013766	-0.069169	
146	1.535451	-0.695045	-0.483406	
147	2.515972	4.839370	0.813997	
148	1.365768	0.584419	-0.222034	
149	1.775888	1.198827	1.060222	
150	2.476391	-0.551879	1.568791	
151	2.384085	0.354788	-0.511583	
152	3.171354	2.396312	1.036480	
153	0.970778	-0.667964	1.019187	
154	1.619736	1.731387	-1.094803	
155	1.172344	-0.957877	-3.523647	
156	1.571732	-3.594985	2.154077	
157	1.538553	-0.794252	0.104288	
158	3.430140	-0.053527	0.498126	
159	2.268477	-0.580928	-0.071521	
160	1.756470	-0.337198	0.817126	
161	3.006605	-0.296265	-1.952644	
162	1.393936	1.120688	-0.745331	
163	2.104721	-2.855252	0.640647	
164	2.574090	0.263916	0.288544	
165	2.550371	-0.794256	1.343677	
166	2.221397	0.016496	-1.342448	
167	1.395068	-0.251333	-1.761669	
168	2.269844	0.961217	-1.200487	
169	2.097655	-1.385057	-1.265793	
170	2.062179	-1.184513	0.620226	
171	2.761942	-0.274893	1.431538	
172	1.258993	-3.960114	-1.824787	
173	2.424239	3.867967	-2.045493	
174	3.129197	0.565297	1.885533	
175	2.511955	-1.589550	1.381076	
176	2.321130	-1.344042	-0.967040	
177	2.306949	-0.939377	-0.511284	
178	1.611552	0.935942	0.342478	
179	1.710238	1.498814	-0.417414	
180	3.024843	-0.282560	2.241173	
181	1.782204	-0.030389	0.825895	
182	3.297824	1.675906	0.470351	
183	2.115639	1.156916	-1.738718	
184	2.362120	0.096624	-0.742060	
185	2.448503	-2.036127	1.778037	
186	1.809736	-0.886639	-0.442546	
187	2.142806	-0.111884	0.618979	
188	3.177507	-1.686249	-0.016501	
189	2.247522	-1.181059	1.142176	
190	1.523106	0.219074	-0.618408	
191	2.691561	2.331923	0.987822	
192	1.732006	-3.215671	3.063924	
193	2.853837	1.723058	-0.506267	
194	3.331266	-0.077568	0.030282	
195	1.912967	-1.555066	1.545869	
196	2.482975	-1.551916	1.676089	
197	2.198357	-0.223521	-0.537203	
198	1.949467	1.124532	1.514280	
199	2.682948	-0.233876	0.807627	
200	2.266454	-2.836370	-1.686401	
201	2.207922	-0.618857	-0.302955	
202	2.106927	-0.427856	-0.106578	
203	2.976615	-1.678890	-1.320568	
204	2.617617	-0.856900	-0.717830	
205	1.549408	-1.855535	-0.911416	
206	2.572394	-1.434015	0.915892	
207	1.298241	-1.153367	2.205361	
208	3.016786	-0.192390	1.645675	
209	1.590863	-0.463926	0.607701	
210	2.300830	1.973296	-1.713441	
211	1.588633	-0.310512	-0.008747	
212	2.271253	-3.444240	0.953640	
213	2.211696	1.464481	-1.039864	
214	2.044203	0.527101	-0.968738	
215	2.181842	0.713898	-0.468572	
216	2.018518	1.488044	-3.109946	
217	1.918240	-1.452591	-0.961164	
218	2.176828	-0.278704	-0.202548	
219	1.862427	0.676199	-4.403483	
220	2.729339	0.497401	0.905983	
221	1.886692	0.354991	0.703113	
222	3.163557	-1.987290	-2.082807	
223	2.204691	-0.752783	0.856114	
224	1.991262	-0.584008	-0.313974	
225	3.104420	0.905118	0.317871	
226	2.088141	-0.245567	-1.094363	
227	1.896186	-1.028511	0.805503	
228	2.387665	-2.299117	1.122379	
229	1.640645	0.046600	-0.558832	
230	2.083730	-0.837860	-0.910202	
231	2.773243	0.587679	-0.723906	
232	1.983521	0.965197	-0.571409	
233	1.596485	0.787282	0.195186	
234	1.555203	-0.893708	0.102389	
235	2.244411	-0.321861	0.697463	
236	1.699861	-0.137584	-0.239346	
237	2.548475	-1.586083	-0.362019	
238	1.298649	-0.782319	-1.227260	
239	1.181530	1.372225	0.312120	
240	2.678754	-0.822402	-0.947506	
241	2.353891	0.713263	0.437355	
242	2.470537	0.099660	1.054103	
243	1.713522	-1.291793	-0.135795	
244	0.621151	2.398568	1.424186	
245	1.645550	-1.670920	-4.323311	
246	1.586911	1.093390	0.730197	
247	2.826330	-3.197440	-3.333565	
248	1.880552	0.364802	0.064688	
249	2.894793	0.378266	0.260467	
250	2.207852	-1.598680	-0.941300	
251	1.385297	0.536437	-2.168878	
252	1.617418	1.644901	1.315090	
253	2.343459	2.215817	0.841265	
254	2.770144	-1.818495	0.513747	
255	1.419495	0.964254	-0.063158	
256	2.128712	2.184883	0.246748	
257	2.323896	-2.017193	-0.919241	
258	1.581837	0.319207	0.373966	
259	2.469910	1.910149	0.516812	
260	1.321646	0.835000	1.231918	
261	1.793446	-0.036657	-0.656948	
262	1.917912	0.621834	0.464343	
263	1.396792	0.524733	-1.914323	
264	3.056064	0.926123	-0.645922	
265	3.232120	1.162472	-0.420319	
266	1.969848	0.999627	-2.092242	
267	2.056722	-2.035428	-0.797936	
268	0.980649	-0.956171	0.341699	
269	1.549073	-0.247861	-0.128427	
270	2.685160	0.242816	-0.337623	
271	2.014528	0.652171	0.471624	
272	1.488471	-3.995149	-0.988934	
273	1.794832	0.192832	1.545101	
274	1.971929	0.286247	-0.510231	
275	1.622282	0.398594	-0.237711	
276	0.926073	1.001307	1.166611	
277	2.526241	-0.524840	-0.504345	
278	2.263240	-0.033193	-2.121504	
279	1.335089	-0.718279	-4.631332	
280	2.100184	1.191591	-1.105438	
281	1.951362	-0.209687	-0.323156	
282	2.431503	1.008428	-0.493395	
283	2.308243	0.385684	1.669040	
284	1.496376	-1.715572	1.239339	
285	1.274450	-1.303639	-2.555590	
286	2.139167	-1.539044	-2.001305	
287	2.032629	-0.211992	-0.723662	
288	1.643028	-0.789893	-0.683294	
289	2.070708	0.822400	-0.454023	
290	1.927445	-0.375743	-0.214928	
291	3.331253	-4.351666	0.320496	
292	2.880502	1.032617	-2.353833	
293	2.306096	-0.116032	0.970183	
294	2.553707	1.075715	-1.416272	
295	1.398049	-1.001158	-0.035923	
296	1.699477	0.307297	2.837936	
297	2.623191	0.564290	0.631933	
298	1.303464	-0.671116	-0.238532	
299	1.699141	0.546151	-0.122955	
300	2.314201	0.080573	-2.274501	
301	1.914656	2.590395	-1.274080	
302	1.623130	-0.920423	-0.449861	
303	1.449847	-0.232868	0.568955	
304	1.402834	-1.190763	-0.125367	
305	1.823707	-0.914229	1.680056	
306	1.479285	-0.605788	-0.135154	
307	2.223473	-1.665591	-1.315647	
308	2.474581	-0.374215	2.199017	
309	2.204133	-0.220979	0.899504	
310	2.242339	-2.532747	3.720840	
311	2.684445	-1.683674	0.277246	
312	1.618782	-0.662652	-1.240731	
313	2.502840	-0.758149	-1.422499	
314	1.248416	-0.287693	2.171716	
315	1.860787	-0.083558	0.752651	
316	1.530133	2.995582	0.996908	
317	1.324066	1.695245	-1.051552	
318	1.121844	0.144772	-1.343275	
319	2.120379	0.411547	0.227749	
320	1.891730	0.475314	-0.066043	
321	1.867988	1.745522	1.682505	
322	3.236759	-2.085207	-0.615525	
323	2.357167	-0.070747	-0.793890	
324	3.794878	-1.921039	3.082728	
325	1.540747	-0.562970	-0.546781	
326	1.680103	-1.152657	-0.422319	
327	2.135972	1.345508	1.177719	
328	0.707069	-1.576405	-1.714983	
329	2.843368	0.166395	-0.085180	
330	1.456212	-0.643270	-6.154534	
331	2.109528	0.000207	0.257624	
332	2.466725	-1.238034	-0.338200	
333	1.447986	2.165801	1.189233	
334	2.517666	-0.148925	-1.321043	
335	2.867290	0.975162	1.060227	
336	3.016715	1.129195	1.646336	
337	2.623315	-0.077974	-0.439177	
338	3.072136	1.209105	1.175393	
339	3.134995	-0.878652	2.187580	
340	2.017892	0.432118	3.244760	
341	2.511389	-3.493119	1.008823	
342	2.797389	-0.510004	0.289893	
343	1.584482	-0.966344	2.529437	
344	2.942218	0.963572	1.764043	
345	1.714116	-1.082854	0.022136	
346	2.139360	-0.674815	2.197717	
347	2.446701	0.741114	1.183648	
348	2.634905	0.692955	-0.889038	
349	1.861324	-1.777563	-1.276434	
350	2.115935	0.164373	2.071848	
351	2.759463	1.386116	1.205427	
352	1.289796	-2.169672	0.433570	
353	3.080037	-1.016838	-1.814533	
354	2.288858	-0.715337	0.292896	
355	0.865529	0.168609	2.249529	
356	2.739125	1.901312	-1.503048	
357	2.071914	1.133932	-0.317883	
358	2.451579	0.400071	-0.025495	
359	2.199298	-1.165308	1.586013	
360	1.983946	0.460844	-3.683190	
361	1.840423	-0.097909	-0.709011	
362	1.980499	-0.080216	-0.110226	
363	2.242675	-0.595028	-0.664394	
364	2.641826	4.197004	-0.024695	
365	2.712341	2.231130	0.331701	
366	1.942862	-1.063646	-0.265872	
367	2.427878	2.067530	1.283796	
368	1.702891	-1.266840	-1.994164	
369	2.731849	-0.750547	0.735604	
370	1.338106	1.642804	1.001611	
371	2.993648	1.537968	0.910636	
372	1.221719	-0.784463	0.003413	
373	1.912067	0.239764	0.115006	
374	1.997239	0.069415	2.362748	
375	2.692810	-0.381557	-2.612574	
376	2.221590	1.563341	0.165173	
377	2.216103	0.871680	-1.464838	
378	2.274408	-0.971266	-1.409919	
379	1.505411	3.432578	1.219511	
380	1.740926	2.623961	-1.136011	
381	1.335736	-1.494405	-3.963954	
382	2.203344	-0.200145	-0.600060	
383	1.340293	1.615952	2.380524	
384	1.534593	-1.213956	0.682833	
385	3.375157	-1.441970	-1.121521	
386	1.934761	0.514719	0.061961	
387	1.601390	0.910808	-0.432623	
388	2.126807	4.622583	0.823685	
389	3.335779	0.747464	-1.818147	
390	1.746727	-1.645080	4.173630	
391	1.696121	1.798808	2.314349	
392	2.191430	1.564229	-1.138275	
393	1.745502	1.164292	0.639800	
394	2.022003	-0.591939	-0.021159	
395	2.626738	1.020001	0.099302	
396	1.670245	0.523582	-1.020335	
397	2.151305	-0.343838	0.767536	
398	1.812052	0.753717	0.953949	
399	2.946077	-0.029560	0.422288	
400	2.438801	1.715732	0.001601	
401	2.299367	2.515734	1.003557	
402	2.001350	1.738627	-1.510334	
403	1.768666	1.201758	-3.435372	
404	1.729992	-1.500976	-0.853754	
405	1.947203	-0.123810	-2.307972	
406	1.951152	-0.627352	0.525521	
407	2.176797	-0.052496	-1.297368	
408	2.178821	-0.256658	0.580676	
409	2.392984	-3.804527	-1.132903	
410	2.853126	0.962294	-0.763060	
411	2.433606	-0.188164	1.105051	
412	1.366550	-0.779019	2.431307	
413	1.869369	-0.280163	-1.381736	
414	2.795089	-1.386673	1.844297	
415	2.080772	-0.499590	0.388713	
416	2.285887	1.584132	0.748135	
417	1.995848	0.399735	-0.958751	
418	2.373376	-1.595157	2.787047	
419	0.936963	-0.064327	0.989762	
420	3.401234	0.051677	0.218523	
421	1.694098	-0.630064	-1.069087	
422	2.635528	1.419588	-0.042431	
423	1.933498	0.443808	0.002967	
424	2.313617	-0.132865	-1.651049	
425	1.617221	-0.947870	-1.346315	
426	2.190468	0.237443	-2.274510	
427	1.682641	-0.311314	0.206153	
428	2.193524	-0.283209	1.438503	
429	1.798638	1.834104	-1.897227	
430	2.029680	1.700850	-2.249615	
431	2.851926	0.203819	2.445324	
432	1.206193	1.972217	1.412190	
433	3.133928	-2.241942	-2.427778	
434	3.012564	0.445634	1.349432	
435	2.355055	1.667833	0.438019	
436	1.909710	1.559480	-0.142005	
437	2.511830	-5.099381	0.709606	
438	1.747393	0.341421	-1.783711	
439	2.424784	0.797584	1.971170	
440	1.537475	-2.878127	0.609884	
441	1.813871	0.806365	-0.379924	
442	1.239591	0.898138	-0.339027	
443	2.358846	-0.482733	0.769067	
444	2.137102	2.413691	-0.785411	
445	2.951985	-0.893832	0.176628	
446	2.402535	-0.984535	1.406034	
447	1.673369	-1.503465	2.453697	
448	2.967858	-0.885745	-1.240598	
449	2.862799	0.082774	0.466723	
450	2.036775	-1.322489	0.528820	
451	2.572016	0.505074	0.463463	
452	1.716936	-0.193565	0.662243	
453	2.876085	0.557108	-0.432905	
454	2.652815	-0.028412	0.623830	
455	2.301218	-1.858970	0.035440	
456	1.363667	1.328783	0.532947	
457	2.172643	-1.471205	-1.166629	
458	1.879508	0.380847	-0.915749	
459	2.212012	-1.445319	0.542497	
460	2.101947	1.032243	-1.591648	
461	2.250918	-0.756344	-1.040169	
462	1.330708	-1.974961	-3.937878	
463	1.393906	0.295373	0.194994	
464	1.518073	-1.072678	-0.679215	
465	1.994574	-0.084860	0.709543	
466	2.066726	-0.334947	0.989354	
467	1.670732	0.292356	0.907664	
468	2.184801	-1.006685	0.498507	
469	3.533942	1.072347	0.217813	
470	1.119786	0.412666	2.174045	
471	3.205950	2.843572	0.283515	
472	2.978670	-4.921590	1.192048	
473	1.699669	0.702740	-1.591121	
474	1.681336	-0.064982	-1.557983	
475	2.206438	0.525787	0.311392	
476	1.987938	0.962031	-0.837842	
477	2.514657	-0.070686	2.096978	
478	2.141843	0.943386	0.293651	
479	2.112518	-0.231612	-1.134645	
480	2.131057	1.200810	0.592598	
481	1.565953	0.526576	0.850600	
482	2.442344	0.777302	-1.504151	
483	2.894210	1.232312	0.364670	
484	2.878101	0.365335	-1.012397	
485	1.825542	-0.019494	-0.746737	
486	2.029052	0.105501	0.129010	
487	2.331496	0.451473	1.685642	
488	1.687207	1.991936	0.074034	
489	1.567058	0.429513	0.006600	
490	1.408471	-1.014314	-2.586545	
491	2.320578	0.317442	-0.699514	
492	2.221724	1.530964	-0.252785	
493	1.196836	0.094515	-2.780741	
494	2.971321	-1.197332	-0.942192	
495	2.364043	1.701812	1.411018	
496	1.285742	1.680823	-1.778140	
497	2.257923	0.123650	-2.329604	
498	1.368074	1.951288	-0.819054	
499	1.610138	0.395602	-1.186066	
500	1.352789	-0.852827	-1.528159	
501	1.580732	3.004398	1.970258	
502	1.873165	-0.166556	1.183891	
503	2.617740	1.014850	-3.976001	
504	1.752389	0.968497	1.486273	
505	2.326945	-1.081032	-0.723894	
506	1.502290	0.406569	-0.848484	
507	1.612298	-0.194794	1.933743	
508	2.035781	1.812256	-1.372644	
509	2.090034	-1.388238	-0.481489	
510	1.478318	1.717408	1.511415	
511	1.873236	-0.125279	0.950890	
512	2.225232	-1.952760	-1.657338	
513	2.253325	1.903764	0.468397	
514	3.049300	1.071546	-0.730645	
515	1.467139	-0.209427	2.537364	
516	1.507626	-1.120414	0.896045	
517	1.588397	-0.866799	1.824302	
518	1.940514	1.360069	-0.227931	
519	1.314688	0.107825	1.829307	
520	2.557771	-0.359369	0.986603	
521	1.420985	1.297701	-1.273247	
522	1.731038	0.344687	1.015494	
523	1.925185	-1.858173	0.954835	
524	1.534153	-1.228982	1.253822	
525	1.426194	-1.370983	0.030087	
526	3.033704	-1.481878	-1.163329	
527	1.991304	-0.019948	-1.000665	
528	1.475414	-0.194236	-0.270781	
529	2.888715	-0.201364	-0.120844	
530	3.219495	-1.247972	-1.173245	
531	1.713761	-1.871597	-1.338193	
532	3.181031	0.893685	1.742444	
533	1.611129	-0.979362	1.710703	
534	1.929188	-1.060785	-1.177808	
535	2.587540	0.206068	-0.158983	
536	1.485650	0.833701	0.435366	
537	1.788569	1.406885	-0.674274	
538	2.358290	-1.010183	-0.344275	
539	2.137349	0.173687	3.724696	
540	2.159499	-1.546607	0.225018	
541	1.810763	-0.142665	-1.078936	
542	2.208899	0.369092	0.505751	
543	1.844679	1.015973	-4.190143	
544	2.489920	-1.481684	-0.297479	
545	2.295372	0.740616	-1.041886	
546	1.580706	-1.377408	-1.526176	
547	1.589505	2.217098	2.434506	
548	1.478279	-0.328539	-0.601185	
549	3.037721	0.853543	-0.441548	
550	2.803491	-0.499770	-0.345608	
551	2.115369	0.782625	0.280528	
552	2.071757	-0.379474	0.639297	
553	1.690563	-0.621553	-0.131919	
554	2.369320	-0.856955	-0.282686	
555	1.636547	-0.241614	0.133436	
556	1.461162	1.020824	0.335214	
557	1.610526	0.545795	1.338153	
558	1.832638	0.991220	1.652978	
559	1.802248	2.562824	2.019006	
560	1.286906	-2.073017	-2.234567	
561	2.186560	-0.337275	-0.704674	
562	1.956225	0.575890	1.240217	
563	2.997525	-1.247712	0.726093	
564	2.062710	1.617516	-0.775058	
565	1.559402	0.271322	-0.842198	
566	1.782364	-1.174979	-1.859124	
567	1.723276	0.247518	0.850601	
568	1.641280	0.520870	0.058745	
569	2.280028	-0.720399	1.276290	
570	2.649594	1.903833	-0.143153	
571	1.258930	1.685899	2.024360	
572	1.401942	0.752680	-1.037130	
573	1.389727	1.503286	0.949050	
574	1.581401	-1.154667	2.324316	
575	3.023114	-1.599310	0.462493	
576	1.605062	2.429383	0.661494	
577	1.807375	-0.108807	0.799837	
578	2.208339	0.086015	-0.361653	
579	2.212813	-1.164908	-0.118106	
580	2.120573	-0.521220	0.625221	
581	2.154661	0.001753	1.328541	
582	1.880376	-2.018260	-0.651237	
583	1.343882	0.130294	-0.684842	
584	1.835083	-1.561280	0.703365	
585	2.012161	-0.833004	1.928844	
586	1.919407	0.583368	-0.549727	
587	1.418190	-0.298485	-1.590942	
588	3.026012	0.205175	-1.112376	
589	2.500468	-1.560821	-1.789286	
590	1.685097	2.965952	0.635354	
591	1.788714	-0.005881	0.907021	
592	1.823576	0.597320	-0.668268	
593	2.050286	-2.064641	-4.144001	
594	2.593158	-1.192370	-0.458957	
595	3.153671	-1.448478	-0.057813	
596	1.414711	2.638036	2.593234	
597	2.078949	0.280538	-0.056536	
598	1.720553	0.336675	0.403219	
599	1.494564	1.542554	-0.674356	
600	1.967652	0.658873	1.189690	
601	2.074675	-0.874764	-1.323661	
602	1.680414	-2.712625	-2.690092	
603	2.898631	-2.371430	0.227599	
604	1.803736	-0.101515	0.907505	
605	2.697449	-3.282473	-3.644613	
606	2.991747	0.942902	-2.703902	
607	2.016265	-1.282034	2.130440	
608	1.571338	-2.720854	1.348139	
609	1.948445	-1.484366	-0.210820	
610	1.276099	0.582868	0.476258	
611	3.121654	-0.664055	-0.179446	
612	2.277991	0.364801	-0.927432	
613	2.155672	0.855930	0.522029	
614	1.819629	-0.402463	0.970183	
615	2.483576	2.766002	2.671102	
616	1.919236	1.089421	0.185352	
617	1.776242	-0.782998	-1.152326	
618	1.181756	-0.187791	-0.514061	
619	3.022076	0.675700	0.124053	
620	2.087104	-0.689536	1.548601	
621	3.099417	1.054115	-0.945008	
622	2.697376	0.351410	-1.532516	
623	3.106664	-0.468962	-0.895553	
624	1.959480	1.027471	-1.367841	
625	1.698128	1.708605	-0.542131	
626	2.337936	0.614873	-0.906288	
627	2.687287	-1.936437	-0.607030	
628	3.033939	-0.212804	-1.157758	
629	1.889962	-0.439262	3.231942	
630	1.785621	-0.099137	1.166644	
631	2.775718	0.025583	2.108868	
632	1.504091	1.620816	-1.614119	
633	2.306038	0.190041	0.458807	
634	2.344480	0.050717	-0.489090	
635	1.898095	-1.649748	1.850513	
636	2.393689	-0.155305	-0.707058	
637	2.561783	1.574381	-2.948325	
638	1.278276	-0.909497	0.695470	
639	1.784530	-0.314155	-0.762985	
640	1.849368	0.645275	-0.000900	
641	1.910470	-1.494597	0.673802	
642	1.212064	1.110619	2.097309	
643	1.460523	-0.496700	1.620885	
644	1.705380	2.726635	-1.414825	
645	2.053505	-0.548223	1.854108	
646	1.754495	-0.969891	1.475147	
647	2.186299	1.493807	1.193793	
648	2.196374	-2.221130	-0.329728	
649	1.826331	2.980349	2.961926	
650	2.736346	-1.122992	0.772388	
651	1.694448	-2.466615	-1.125161	
652	2.289124	-0.103890	-0.316775	
653	2.849250	-0.058325	0.987151	
654	2.761402	1.793225	1.332151	
655	1.922911	0.436465	-0.524048	
656	3.064611	-1.218480	0.672110	
657	2.157387	2.792676	1.754246	
658	3.455989	1.490832	2.561771	
659	1.864197	0.559216	-0.332209	
660	2.596967	-0.589493	-0.245477	
661	3.007290	-0.896226	0.014511	
662	2.868820	3.095947	1.372930	
663	1.829589	1.221618	-1.647454	
664	1.462761	0.872863	-0.930901	
665	2.981337	-0.683687	-0.638702	
666	1.848925	2.082694	2.626797	
667	2.051163	-0.292572	0.463976	
668	1.582199	-0.848666	0.240508	
669	1.656676	-3.432514	0.090100	
670	1.736725	2.097634	0.640450	
671	1.504457	0.102102	0.497424	
672	3.429133	1.467485	0.619054	
673	2.195180	1.739757	-0.304797	
674	1.708828	2.212633	-0.293890	
675	2.535760	1.691106	-1.085193	
676	2.715013	-0.297537	-0.203049	
677	1.632516	-0.262487	1.388030	
678	2.680690	1.095299	-1.297040	
679	1.374974	-0.073433	-1.451561	
680	1.702726	0.462761	-1.130006	
681	1.067311	-2.898034	1.297518	
682	2.539365	-0.009106	0.410093	
683	1.610454	-1.813043	-2.834652	
684	2.319610	0.065571	-0.472241	
685	1.399668	-3.022393	-4.129810	
686	1.898822	1.104461	1.128260	
687	2.706575	0.637067	2.575207	
688	1.674042	0.627514	0.199401	
689	1.809390	-0.624738	-1.163510	
690	2.468345	-2.070665	0.901893	
691	1.535382	0.296140	1.484966	
692	2.393162	-0.994630	0.454478	
693	2.025685	-1.195165	1.684243	
694	2.996024	1.377860	-2.508582	
695	2.260331	-1.667467	1.454033	
696	2.632014	1.900376	-0.650516	
697	2.658025	0.185451	-0.162298	
698	1.997414	1.393582	-0.598568	
699	1.688646	1.782143	-1.458158	
700	1.959565	0.315610	-2.399792	
701	1.654845	0.161067	-1.080555	
702	2.238417	-0.848807	0.167627	
703	2.818333	-0.122072	-1.029447	
704	1.969338	3.864702	-1.319340	
705	2.839809	0.354202	0.421885	
706	1.563755	1.500101	0.329599	
707	2.567349	-0.374555	1.904447	
708	2.055508	-0.183232	-1.069217	
709	1.867173	-1.169709	-0.344948	
710	1.063401	0.437141	-1.670448	
711	1.357145	0.667746	1.453592	
712	1.669374	-0.194347	-0.519273	
713	2.046260	-1.175433	0.224482	
714	0.649013	0.461748	-0.506856	
715	1.439500	0.176583	0.705843	
716	2.001150	-0.700116	0.966891	
717	1.379780	0.333086	0.631470	
718	2.799019	-0.776760	-0.983290	
719	2.110366	-2.930279	1.056601	
720	2.582790	-1.641943	1.106723	
721	3.256433	1.044072	-0.718042	
722	1.881418	-0.776531	1.879862	
723	1.586118	-1.260033	0.963215	
724	1.847973	-0.055001	-1.417045	
725	1.529224	-0.932247	0.437094	
726	3.012044	-0.127597	0.864245	
727	1.573792	-1.023733	0.760604	
728	2.554380	0.277671	-0.577389	
729	2.336804	0.376497	-0.899016	
730	2.162598	0.265493	1.292000	
731	3.695352	-0.444234	2.227200	
732	1.383326	-0.371981	-0.597807	
733	1.474521	1.284191	-1.847356	
734	1.372509	-2.292020	1.205542	
735	2.825259	0.660667	-1.891487	
736	1.332764	0.171426	1.377303	
737	1.727754	0.138118	0.397166	
738	2.216341	3.230365	0.045740	
739	2.286813	3.141980	0.136298	
740	1.509568	-0.863591	-1.967917	
741	1.684680	0.286278	1.643738	
742	1.431940	-1.145494	0.023186	
743	1.233384	0.049569	0.287124	
744	1.950923	-0.015079	-0.865245	
745	1.415761	0.886998	-3.261260	
746	2.080187	-0.927231	0.397184	
747	1.648093	0.957989	-0.867784	
748	1.416904	-0.621152	-0.288489	
749	2.206359	2.030687	-1.259832	
750	1.685516	-1.948657	-0.239358	
751	2.487347	1.159929	2.185075	
752	1.927209	0.649728	-0.352052	
753	1.935996	-2.281126	2.634244	
754	2.462841	-1.122684	-1.946168	
755	2.221126	-1.613616	-1.649463	
756	1.698762	0.841843	-0.208138	
757	2.111147	1.040054	1.301732	
758	2.084881	-0.046489	0.371688	
759	2.054178	0.443428	0.012348	
760	1.648918	1.478146	1.731624	
761	2.276196	1.663474	-1.988846	
762	2.679457	1.415780	-0.432040	
763	1.371406	0.140856	-0.113996	
764	1.612873	0.316397	-0.812334	
765	2.505492	-4.493064	-0.842734	
766	1.399641	0.986671	0.390539	
767	1.130460	1.390729	2.178180	
768	1.579420	-1.294427	-0.258714	
769	1.837219	0.277511	-0.651413	
770	3.210658	1.150181	0.892748	
771	2.505980	-3.370517	-3.427176	
772	2.145878	1.882947	1.973987	
773	2.268077	-0.025436	0.362153	
774	2.488801	3.845798	0.428326	
775	1.101024	-1.622448	1.606173	
776	1.909654	-0.027703	-0.609958	
777	3.395455	-2.196689	-0.606803	
778	1.265023	1.925510	-4.777784	
779	1.917705	-1.136619	-1.879604	
780	1.449996	4.101947	1.451277	
781	1.762533	0.967730	-0.183335	
782	2.108199	0.899975	-1.223720	
783	2.398750	-1.605957	-3.089197	
784	2.796248	-0.106853	-1.079558	
785	1.353949	-0.245509	-0.270974	
786	2.360323	2.567784	1.307208	
787	1.632811	-0.172343	0.763951	
788	1.321414	0.953173	-0.813987	
789	2.429542	-0.402656	-0.510985	
790	2.297671	2.688481	-0.491835	
791	1.211416	-1.804658	-2.160410	
792	1.560365	-1.821607	1.163095	
793	2.325335	1.161477	1.074892	
794	2.973239	0.740978	-1.670568	
795	1.464906	0.021262	-1.617519	
796	1.839528	2.761346	2.016871	
797	2.109863	0.361279	0.863537	
798	1.791359	1.373816	2.012476	
799	1.518979	0.596376	1.240207	
800	3.925208	-0.593134	0.257578	
801	1.951024	1.569103	-0.755906	
802	2.855981	-1.472749	-0.265366	
803	2.068336	0.359918	-2.579528	
804	2.009753	2.108204	-2.541835	
805	2.141458	-1.582207	0.048480	
806	1.862897	4.068472	4.651569	
807	2.742389	0.190884	0.895086	
808	2.987696	-1.432547	0.099607	
809	2.004902	-1.998905	0.128418	
810	1.691486	-1.870054	2.614243	
811	2.776896	2.051196	-0.247617	
812	2.217968	0.563691	-0.510711	
813	1.684149	-0.902353	1.088126	
814	2.538611	0.259439	1.348575	
815	2.063822	-0.470269	-0.397886	
816	2.396659	0.347706	-1.124440	
817	1.959113	1.329204	-4.088027	
818	3.510338	-3.762428	-0.158692	
819	1.169182	0.603379	1.105166	
820	2.226375	-0.897790	-1.038909	
821	3.010617	-0.528862	0.659373	
822	2.295241	0.722198	2.347370	
823	1.900106	3.573015	1.815369	
824	2.420963	0.462916	1.051829	
825	2.614848	-0.956278	0.280438	
826	2.293822	1.889331	-1.824301	
827	1.227118	2.465585	0.079451	
828	2.394014	-1.703403	1.961844	
829	3.197147	-2.177911	0.002705	
830	1.704415	0.341812	-4.582583	
831	1.543983	0.027923	-4.720836	
832	1.589286	0.525439	-2.503878	
833	1.426524	0.138796	-5.152392	
834	1.640835	3.295888	1.025511	
835	1.099373	-0.675387	0.390299	
836	1.914785	-0.675093	0.067514	
837	1.393709	0.481668	0.278063	
838	2.906613	1.167862	0.792073	
839	1.591652	3.973568	1.374487	
840	2.138962	1.785162	0.031450	
841	1.281966	-2.309700	-3.013748	
842	1.940111	-0.168231	-1.609243	
843	1.568557	0.024772	0.402689	
844	3.302225	0.673587	-0.431734	
845	2.762403	-1.826402	-1.711931	
846	1.566768	-0.917706	0.431457	
847	1.609892	0.388661	-0.311900	
848	1.247027	-0.160878	0.405244	
849	1.233743	-2.096835	0.910780	
850	2.890653	-1.645825	0.514830	
851	2.198846	1.047150	-1.013027	
852	2.133597	1.269879	1.017346	
853	1.220298	-0.893622	1.357046	
854	3.307887	1.412282	1.546424	
855	1.994716	2.511799	-0.857320	
856	1.900718	1.027953	0.532017	
857	1.579481	-1.017129	0.727456	
858	1.983509	-0.841050	-0.964988	
859	2.210817	-0.366945	0.646698	
860	2.684123	-0.592635	0.854894	
861	2.482970	0.559719	-1.680748	
862	1.731737	0.569367	0.034293	
863	2.011712	1.639873	0.738083	
864	1.664725	-0.094044	-1.792508	
865	1.966122	-0.591015	-0.943080	
866	1.259111	-0.567582	-0.567362	
867	1.420952	-0.838358	-0.131556	
868	2.107410	-0.552790	-0.204976	
869	1.864855	-0.745175	-0.905602	
870	2.180616	0.857641	-0.324903	
871	1.774270	-1.537606	2.220112	
872	1.640887	-1.182705	0.978024	
873	3.215774	1.426559	-0.197757	
874	1.554480	1.817988	2.505708	
875	1.725016	-1.224609	0.408347	
876	1.729376	-0.890732	-0.160423	
877	3.173457	-2.255417	0.919347	
878	2.007719	-2.134640	-0.987978	
879	1.737697	-0.223713	0.069138	
880	2.767269	-3.501008	-2.956210	
881	2.038074	-1.091018	-0.830514	
882	2.802158	-0.760535	-0.261933	
883	1.879889	-0.653121	-0.058121	
884	1.292373	-1.217724	-0.515907	
885	2.058060	-1.772662	-1.449334	
886	1.696182	0.035647	-0.078261	
887	2.807564	-0.491320	1.419673	
888	1.803408	1.810633	-2.366496	
889	0.721868	0.721357	-0.727669	
890	1.142575	0.265238	0.833935	
891	1.711874	-0.495358	0.446727	
892	1.505944	-0.668616	1.156326	
893	1.949371	0.713802	3.507557	
894	2.682286	0.419655	-0.387581	
895	1.376795	-1.465547	-0.417481	
896	1.558162	0.659260	2.966084	
897	2.273062	0.242870	1.784296	
898	2.797430	-0.510034	0.168787	
899	2.070952	-0.292863	0.701627	
900	2.635348	-0.323836	0.816285	
901	2.373146	-0.271201	-0.586729	
902	2.331309	-1.799345	-1.768480	
903	1.909425	0.557302	-0.235312	
904	2.096783	2.218859	-0.324042	
905	2.159999	0.655264	-1.376101	
906	1.588473	1.365857	-0.549474	
907	1.967466	1.414438	-0.915630	
908	1.899390	-1.064262	-1.407843	
909	3.272239	0.319657	-1.761164	
910	1.721661	-1.211397	-0.625257	
911	2.139983	-0.116664	1.249349	
912	1.611024	0.440411	-0.256925	
913	1.810535	-0.492041	-0.817885	
914	2.628069	1.093498	4.142565	
915	1.722252	3.373453	1.726694	
916	1.461039	-0.409149	-0.534191	
917	1.497210	5.327377	2.048928	
918	1.461234	-0.401433	-0.250350	
919	1.633441	-0.908959	2.483905	
920	2.388997	-0.042425	-0.209607	
921	1.522046	-1.477034	-0.863890	
922	1.578907	1.897508	-1.256616	
923	2.751314	0.124331	0.910167	
924	1.385138	-2.192708	1.428797	
925	1.920847	-0.256986	0.290223	
926	2.006291	-0.190657	1.451307	
927	2.081247	-0.899569	1.198377	
928	1.490893	-0.495482	1.176821	
929	1.605684	-0.568117	-0.727400	
930	2.157405	-2.851340	1.342633	
931	2.453157	0.708116	2.680790	
932	1.791280	1.958319	2.327646	
933	2.765785	-2.206004	-0.999171	
934	1.519104	-0.772265	2.115034	
935	1.871877	1.231980	-1.140809	
936	2.115091	-1.113714	0.258421	
937	1.499377	0.105168	0.278360	
938	2.611580	-0.396049	1.250309	
939	2.033314	1.038505	1.161976	
940	1.782413	0.147890	2.430024	
941	1.654972	-0.586562	0.520494	
942	2.757044	1.912882	0.008156	
943	0.789518	0.224839	0.630685	
944	2.271060	-0.485900	-0.851660	
945	1.668109	1.219752	-2.874215	
946	1.373842	0.298573	0.862968	
947	2.427998	2.375180	0.703595	
948	2.109139	0.451671	1.389300	
949	1.704541	-0.841232	-4.515545	
950	2.088574	-1.142740	2.370809	
951	3.603147	-0.036013	-0.232505	
952	2.527424	0.793221	-2.973625	
953	2.622358	1.613915	1.168260	
954	1.966750	-1.408377	-0.504527	
955	1.467110	-2.060160	-3.320195	
956	1.787427	-0.490692	-0.272203	
957	1.772360	-1.940446	-2.063494	
958	2.319059	-0.490809	2.126531	
959	2.539086	-0.928628	1.300948	
960	3.824096	1.160471	-0.132527	
961	1.201826	-1.415324	-0.078433	
962	1.508061	-0.658075	0.050540	
963	1.771444	0.495181	0.216911	
964	2.340001	-0.117452	-0.371154	
965	2.299886	-1.935096	-0.399888	
966	2.056673	0.066887	-1.870909	
967	1.607880	1.645826	1.294088	
968	1.993828	-0.510201	-1.324893	
969	2.261345	-1.754100	-1.303323	
970	1.316521	0.804340	1.369030	
971	1.645890	1.333495	-0.549967	
972	3.108111	-0.675222	1.081962	
973	2.098954	0.573792	0.086373	
974	1.746679	0.410500	-4.116347	
975	1.649393	-0.976442	0.843649	
976	3.032681	-0.219142	-1.454874	
977	2.661754	1.990674	-0.350938	
978	1.950515	0.677297	-0.010367	
979	1.674747	0.198446	0.165361	
980	1.890479	0.749159	0.731169	
981	2.150872	1.412110	0.695734	
982	2.292809	-0.962675	-1.838077	
983	2.341119	-1.230413	-0.856063	
984	2.803526	0.299576	0.106503	
985	2.754124	-0.555849	0.286825	
986	1.569414	1.863615	-1.585169	
987	2.108768	-0.124811	-0.803651	
988	2.252819	-1.277091	-0.226444	
989	1.560992	0.325121	-1.985021	
990	2.525590	0.429262	-0.381184	
991	1.467271	1.230254	-4.150047	
992	1.781851	0.071425	-0.303056	
993	2.664437	-1.516903	-0.017627	
994	1.659586	-0.037702	0.208701	
995	1.808382	-0.814408	0.618663	
996	1.129795	-3.291472	2.435954	
997	1.796492	0.675016	-0.848925	
998	2.424864	-1.551318	1.199759	
999	1.582086	0.240643	-0.326572	
