# Total of 400 particles
# Generated on : 2014-02-21 17:02:39.075464
# id  type radius  x   y   z   vx   vy   vz   nx   ny   nz   omega
0  1  1.000000 -6.450032  5.859790  4.905095  0.276975  0.777496  -0.564610  -0.052575  -0.674384  0.736507   0.000000
1  1  1.000000 5.316579  -2.292452  -8.153444  -0.719798  -0.629632  -0.292325  -0.304724  0.846433  -0.436686   0.000000
2  1  1.000000 2.351606  6.948568  -6.796127  -0.418211  -0.558848  -0.716093  -0.584158  0.659886  0.472557   0.000000
3  1  1.000000 7.851946  2.452507  5.686137  -0.619205  0.321867  0.716230  0.618973  -0.283417  -0.732494   0.000000
4  1  1.000000 6.182458  5.723748  5.386642  0.777837  -0.347131  -0.523899  0.776527  -0.550802  -0.305978   0.000000
5  1  1.000000 -7.317349  0.633698  6.786371  0.480349  -0.658438  0.579416  -0.634937  0.298652  -0.712504   0.000000
6  1  1.000000 1.949753  1.666734  -9.665426  0.934626  0.267257  0.234623  -0.360333  0.928715  0.087462   0.000000
7  1  1.000000 -8.679843  -4.364528  -2.368800  0.032276  0.426420  -0.903949  0.119699  -0.646830  0.753182   0.000000
8  1  1.000000 8.423470  2.893330  -4.546845  0.485685  -0.773201  0.407762  -0.523257  0.641083  -0.561439   0.000000
9  1  1.000000 -4.388485  -4.093176  7.999194  -0.481977  -0.644095  -0.594003  -0.895545  0.272108  -0.352073   0.000000
10  1  1.000000 -6.143587  2.627207  7.440035  -0.535672  0.553455  -0.637764  -0.726187  0.180493  -0.663382   0.000000
11  1  1.000000 -8.374627  5.430864  0.609380  0.494827  0.800885  -0.337238  -0.371773  -0.484432  -0.791903   0.000000
12  1  1.000000 -5.463060  -8.372061  -0.252138  -0.130181  0.055134  0.989956  -0.614757  0.421232  -0.666812   0.000000
13  1  1.000000 -7.622566  -4.141060  4.974748  0.244110  -0.895732  -0.371584  0.215342  0.562545  0.798230   0.000000
14  1  1.000000 -4.456715  8.841422  -1.402477  -0.771252  -0.458762  -0.441257  -0.032734  -0.172657  -0.984438   0.000000
15  1  1.000000 -4.855751  -2.712473  -8.310486  -0.351590  -0.809774  0.469735  0.705311  -0.683207  -0.189114   0.000000
16  1  1.000000 6.715265  -3.053854  6.751236  -0.408643  -0.912672  -0.006372  -0.618677  -0.732503  0.284040   0.000000
17  1  1.000000 4.543412  8.493479  2.686674  0.829942  -0.513163  0.218772  0.851634  -0.502601  0.148700   0.000000
18  1  1.000000 7.109484  5.612135  -4.237826  -0.697194  0.641355  -0.320287  0.625871  -0.230146  0.745197   0.000000
19  1  1.000000 2.145482  -8.251104  -5.226489  -0.128369  -0.554289  0.822365  -0.549356  0.340501  -0.763064   0.000000
20  1  1.000000 7.950411  -5.770530  1.868674  0.314780  0.655874  0.686107  0.512141  0.473566  -0.716552   0.000000
21  1  1.000000 -8.437320  4.216446  -3.321628  -0.525864  -0.773395  0.354016  -0.151720  -0.780927  -0.605916   0.000000
22  1  1.000000 1.170746  5.771101  -8.082311  -0.218263  0.808882  0.545959  0.938269  0.202453  0.280471   0.000000
23  1  1.000000 3.979740  -4.636958  -7.915825  -0.745255  0.339773  -0.573716  0.465671  -0.641325  0.609797   0.000000
24  1  1.000000 -0.046775  9.442692  -3.291410  -0.965409  -0.090072  -0.244688  -0.027289  0.328901  0.943970   0.000000
25  1  1.000000 4.097800  9.027462  -1.308807  0.246185  0.028707  0.968798  -0.194754  0.226756  0.954281   0.000000
26  1  1.000000 -4.689080  8.171845  3.351639  0.610461  0.025605  0.791632  0.347364  0.519509  -0.780672   0.000000
27  1  1.000000 0.399440  -2.066713  9.775947  0.751656  0.650838  0.106880  0.999096  -0.005982  -0.042087   0.000000
28  1  1.000000 5.903618  0.800480  -8.031596  -0.716505  0.510108  -0.475826  -0.572156  0.743366  -0.346474   0.000000
29  1  1.000000 -6.383372  -0.677400  7.667704  -0.538263  0.751372  -0.381725  0.622473  -0.631417  0.462427   0.000000
30  1  1.000000 9.685187  -0.059717  2.488693  0.025092  0.996963  -0.073727  -0.147951  0.790189  0.594737   0.000000
31  1  1.000000 -8.148410  -5.193127  2.575818  -0.093507  0.556279  0.825718  0.300641  0.001329  0.953736   0.000000
32  1  1.000000 -8.607486  -5.080656  0.313224  0.474784  -0.779130  0.409312  0.394267  -0.704346  -0.590297   0.000000
33  1  1.000000 0.660946  -7.090166  -7.020876  -0.651618  -0.563539  0.507757  -0.230077  0.673836  -0.702146   0.000000
34  1  1.000000 -2.721178  0.794982  -9.589744  -0.036387  -0.996719  -0.072302  0.453500  -0.868371  -0.200672   0.000000
35  1  1.000000 6.073328  0.054070  7.944292  -0.374358  0.883944  0.280176  0.324607  -0.914384  -0.241935   0.000000
36  1  1.000000 -0.928454  -7.989317  -5.942120  -0.564865  0.533721  -0.629341  0.473327  0.489628  -0.732274   0.000000
37  1  1.000000 -2.907074  -4.575144  -8.403391  0.301497  0.789726  -0.534259  0.500428  0.675867  -0.541088   0.000000
38  1  1.000000 3.748866  7.249451  -5.778534  -0.849446  0.518282  0.099125  -0.346094  0.687687  0.638205   0.000000
39  1  1.000000 0.551268  9.979566  0.323066  -0.449492  0.053696  -0.891669  0.956691  -0.062055  0.284416   0.000000
40  1  1.000000 4.782005  -8.663466  -1.441104  -0.443945  -0.380029  0.811475  0.333984  0.027627  0.942174   0.000000
41  1  1.000000 9.793924  -1.750086  1.008097  0.171281  0.455231  -0.873743  0.104571  0.012380  -0.994440   0.000000
42  1  1.000000 -8.328580  5.173126  1.968128  0.306721  0.135379  0.942122  0.454608  0.842196  -0.289894   0.000000
43  1  1.000000 -4.959461  -2.005517  -8.448766  -0.198159  0.973430  -0.114747  -0.824992  -0.194792  0.530513   0.000000
44  1  1.000000 2.321329  -9.726798  -0.029011  0.907509  0.217651  -0.359244  -0.007738  0.001136  -0.999969   0.000000
45  1  1.000000 5.208553  -8.115552  -2.647413  -0.506549  -0.543461  0.669372  -0.456880  -0.526995  0.716614   0.000000
46  1  1.000000 9.728752  -2.272457  0.432801  0.037246  0.338525  0.940220  0.004535  -0.168320  -0.985722   0.000000
47  1  1.000000 7.697449  -3.759906  -5.158720  -0.357919  0.414944  -0.836490  0.567943  0.034430  0.822347   0.000000
48  1  1.000000 3.789717  -2.299691  8.963787  0.828686  -0.346803  -0.439326  -0.040501  -0.971824  -0.232202   0.000000
49  1  1.000000 4.072630  -6.872388  -6.015311  0.543388  -0.347043  0.764389  0.851826  0.523393  -0.021244   0.000000
50  1  1.000000 -3.426357  7.599261  -5.523704  0.495024  -0.353679  -0.793639  -0.243457  0.496052  0.833463   0.000000
51  1  1.000000 -6.190435  0.666409  7.825242  0.774242  -0.115253  0.622307  0.775223  -0.107695  0.622439   0.000000
52  1  1.000000 7.393347  -2.780507  6.132471  -0.646797  -0.546455  0.532016  0.447370  -0.477828  -0.756003   0.000000
53  1  1.000000 0.726574  6.989549  -7.114654  0.997288  -0.042504  0.060090  -0.953125  -0.161423  -0.255921   0.000000
54  1  1.000000 1.529837  -6.546566  -7.402842  0.106460  -0.733825  0.670945  -0.988222  -0.104124  -0.112141   0.000000
55  1  1.000000 -4.564927  -6.127570  -6.450916  -0.774234  0.630816  -0.051318  -0.176025  0.772912  -0.609608   0.000000
56  1  1.000000 -2.817198  -8.562465  4.329849  -0.730816  0.483891  0.481413  -0.855454  0.428517  0.290813   0.000000
57  1  1.000000 -5.401294  2.336523  8.084967  -0.785383  0.205228  -0.583998  0.625542  0.754130  0.199963   0.000000
58  1  1.000000 6.369867  -5.768359  5.113789  0.728237  0.232721  -0.644601  0.683348  0.115513  -0.720897   0.000000
59  1  1.000000 6.989684  2.217478  6.799052  0.704562  -0.376531  -0.601512  0.589631  -0.716687  -0.372419   0.000000
60  1  1.000000 -6.740399  7.382742  -0.249294  0.402651  0.338905  -0.850303  -0.168330  -0.186370  -0.967952   0.000000
61  1  1.000000 -6.103306  -7.921413  0.029670  0.156167  -0.116650  0.980818  -0.062260  0.044236  -0.997079   0.000000
62  1  1.000000 9.705191  2.382327  0.365769  -0.241024  0.959527  0.145658  -0.119397  0.343373  0.931579   0.000000
63  1  1.000000 5.629632  7.220086  -4.022138  0.249499  0.315488  0.915542  -0.256373  0.615207  0.745515   0.000000
64  1  1.000000 -3.452241  -4.596174  8.182739  -0.122142  0.886464  0.446388  0.900357  -0.408291  0.150521   0.000000
65  1  1.000000 -1.875854  3.646908  9.120374  0.982174  0.081068  0.169595  0.591749  0.783067  -0.191411   0.000000
66  1  1.000000 -6.509020  -0.176986  -7.589554  -0.503740  0.758000  0.414345  -0.399318  -0.842273  0.362108   0.000000
67  1  1.000000 -1.933334  9.619591  -1.930205  0.943354  0.236323  0.232884  -0.061553  0.184453  0.980912   0.000000
68  1  1.000000 -0.033522  -4.459971  8.950281  0.999852  -0.016600  -0.004527  0.661505  -0.672208  -0.332487   0.000000
69  1  1.000000 2.302756  3.977645  8.881197  -0.513797  0.824765  -0.236170  0.238977  -0.907814  0.344622   0.000000
70  1  1.000000 5.710818  -8.072234  -1.491843  0.215715  -0.027777  0.976061  -0.791563  -0.493363  -0.360583   0.000000
71  1  1.000000 -3.604356  5.249430  7.710519  -0.705440  0.387412  -0.593520  -0.138463  0.787346  -0.600762   0.000000
72  1  1.000000 -3.237371  7.644161  -5.575502  -0.443877  -0.643118  -0.623997  0.909050  0.087908  -0.407308   0.000000
73  1  1.000000 -5.299187  -3.509245  7.720351  0.646023  -0.756816  0.099418  -0.815321  -0.039647  -0.577651   0.000000
74  1  1.000000 7.337220  -5.037344  -4.559646  0.635786  0.272323  0.722231  0.606092  0.181934  0.774307   0.000000
75  1  1.000000 -8.849457  -3.885859  -2.566555  0.248238  -0.859912  0.446015  -0.464883  0.704610  0.536105   0.000000
76  1  1.000000 5.119241  0.063326  8.590073  -0.755168  -0.473320  0.453530  0.167151  -0.981594  -0.092377   0.000000
77  1  1.000000 -5.262333  6.894204  4.977730  0.382148  0.714675  -0.585835  -0.146463  -0.650118  0.745584   0.000000
78  1  1.000000 6.867595  0.311253  7.262181  -0.718314  -0.123911  0.684596  0.212421  0.946875  -0.241462   0.000000
79  1  1.000000 1.418357  -5.771223  8.042465  -0.224298  -0.810066  -0.541741  0.716289  -0.500936  -0.485792   0.000000
80  1  1.000000 3.516832  -0.654846  9.338258  -0.300844  -0.952539  0.046503  -0.735300  0.598050  0.318856   0.000000
81  1  1.000000 -0.159737  9.791922  2.023055  0.942037  -0.053077  0.331283  -0.786905  -0.137139  0.601642   0.000000
82  1  1.000000 7.525361  -6.574329  -0.383595  -0.658543  -0.751540  -0.038854  -0.599098  -0.659250  -0.454390   0.000000
83  1  1.000000 -7.620859  3.093231  -5.688095  -0.362266  0.524424  0.770547  0.112081  0.928264  0.354632   0.000000
84  1  1.000000 5.225296  -5.670524  -6.367216  0.679629  -0.173928  0.712639  0.474353  -0.427197  0.769735   0.000000
85  1  1.000000 -7.069710  3.899408  -5.900323  0.602341  0.769192  -0.213375  0.592301  -0.129463  -0.795248   0.000000
86  1  1.000000 -3.716982  -8.340429  4.076922  -0.116881  0.477705  0.870711  0.873436  -0.462987  -0.150840   0.000000
87  1  1.000000 -8.199977  -0.421814  -5.708103  -0.475774  0.604634  0.638793  -0.232127  -0.887076  0.399015   0.000000
88  1  1.000000 5.559971  -7.469969  -3.645035  0.213480  -0.295487  0.931190  0.667438  0.139884  0.731409   0.000000
89  1  1.000000 9.267713  3.363130  -1.672978  0.047107  0.337806  0.940036  0.366206  -0.709846  0.601674   0.000000
90  1  1.000000 -0.766565  -3.631211  -9.285832  0.593691  0.731599  -0.335101  0.737771  0.605810  -0.297806   0.000000
91  1  1.000000 7.728187  -6.108584  -1.720560  0.032750  0.309141  -0.950452  -0.368441  -0.652611  0.662080   0.000000
92  1  1.000000 -7.418437  -1.702498  6.486007  -0.597849  -0.270164  -0.754711  0.597625  0.270862  0.754638   0.000000
93  1  1.000000 -8.015086  4.936418  3.374934  0.352125  -0.066541  0.933585  -0.568300  -0.804419  -0.173046   0.000000
94  1  1.000000 -0.158622  7.911570  6.114074  -0.922907  0.223681  -0.313385  0.828301  -0.332113  0.451241   0.000000
95  1  1.000000 -2.907697  -6.472157  7.046736  -0.541754  -0.495691  -0.678817  -0.847836  -0.167039  -0.503262   0.000000
96  1  1.000000 -2.130435  7.920557  5.720666  -0.805158  -0.474002  0.356431  -0.381497  0.471595  -0.795021   0.000000
97  1  1.000000 -9.193535  -3.151150  -2.355668  -0.315676  0.233462  0.919698  -0.269974  0.940817  -0.204883   0.000000
98  1  1.000000 7.126015  -5.053704  -4.866208  0.031692  -0.669722  0.741936  -0.489082  0.139441  -0.861020   0.000000
99  1  1.000000 -0.130858  6.048814  -7.962080  -0.336545  -0.752484  -0.566133  -0.930077  0.284999  0.231801   0.000000
100  1  1.000000 9.774149  0.515937  2.049345  -0.208859  0.383670  0.899542  0.010522  0.956657  -0.291027   0.000000
101  1  1.000000 0.967169  8.478928  -5.212712  -0.945116  0.242457  0.219020  0.158561  -0.530164  -0.832938   0.000000
102  1  1.000000 -8.972048  -0.846495  -4.334260  0.005542  -0.983538  0.180616  0.441593  -0.162222  -0.882428   0.000000
103  1  1.000000 8.585051  4.571219  2.323974  0.307383  -0.095974  -0.946734  0.438571  -0.419645  -0.794703   0.000000
104  1  1.000000 -4.534627  -8.826372  1.237867  0.242442  -0.255804  -0.935835  -0.750705  0.453107  0.480766   0.000000
105  1  1.000000 2.175079  1.891245  -9.575606  0.974759  0.008515  0.223096  0.786082  -0.615490  0.056994   0.000000
106  1  1.000000 1.646553  9.112793  3.774371  -0.427419  -0.278946  0.859943  -0.240364  0.408195  -0.880683   0.000000
107  1  1.000000 -7.875544  1.328168  -6.017622  0.325179  0.919048  -0.222731  -0.557240  -0.570453  0.603379   0.000000
108  1  1.000000 7.753804  -6.229509  -1.035253  -0.603495  -0.682701  -0.411962  -0.384426  -0.335571  -0.860005   0.000000
109  1  1.000000 8.490904  4.468018  2.818041  -0.346219  0.873616  -0.341947  0.513552  -0.823154  -0.242243   0.000000
110  1  1.000000 5.802595  4.597830  -6.722340  0.764582  -0.591870  0.255156  0.306407  -0.888004  -0.342876   0.000000
111  1  1.000000 -7.082762  -6.500580  2.752625  -0.158195  0.526166  0.835538  -0.552708  0.268077  -0.789081   0.000000
112  1  1.000000 -4.795213  7.505135  -4.547403  0.781661  0.129791  -0.610049  0.717536  0.633659  0.289167   0.000000
113  1  1.000000 -5.358707  4.083250  7.389948  0.433864  0.884044  -0.173861  -0.100051  -0.899819  0.424636   0.000000
114  1  1.000000 5.077125  -0.027818  8.615221  -0.503027  -0.812793  0.293820  0.861340  0.022474  -0.507532   0.000000
115  1  1.000000 -6.970846  -2.289325  6.794579  0.495947  -0.838333  0.226349  -0.406384  -0.654580  -0.637477   0.000000
116  1  1.000000 -6.304466  3.425203  -6.965751  0.745682  0.516521  -0.420908  0.740797  0.533533  -0.408121   0.000000
117  1  1.000000 -1.129094  -3.946699  -9.118592  0.911281  0.324630  -0.253344  0.391287  0.825908  -0.405919   0.000000
118  1  1.000000 5.101677  -2.982300  -8.067142  0.343203  0.930636  -0.127000  -0.203640  -0.953172  0.223591   0.000000
119  1  1.000000 -9.626976  -0.602769  -2.637802  0.231225  0.323044  -0.917702  -0.171889  -0.616652  0.768241   0.000000
120  1  1.000000 4.793226  -6.632535  -5.747562  0.281471  0.736470  -0.615131  0.414902  -0.405841  0.814340   0.000000
121  1  1.000000 5.744973  -2.244129  7.871415  0.450201  0.889780  -0.074906  0.184028  -0.901644  -0.391371   0.000000
122  1  1.000000 -4.203904  -6.129321  -6.690188  0.526018  0.436152  -0.730121  0.784659  0.124660  -0.607264   0.000000
123  1  1.000000 -1.939656  9.365611  -2.919430  -0.980590  -0.193792  0.029809  0.068928  -0.283848  -0.956389   0.000000
124  1  1.000000 -2.091305  3.865801  -8.982317  -0.941588  0.168338  0.291674  0.066164  0.922032  0.381418   0.000000
125  1  1.000000 -8.819742  4.711387  -0.122420  0.297331  0.536077  -0.790073  0.446978  0.827944  -0.338703   0.000000
126  1  1.000000 6.983673  2.747271  6.609146  0.652279  0.135841  -0.745708  0.693325  -0.488944  -0.529372   0.000000
127  1  1.000000 -6.902784  -2.266675  -6.871227  0.723535  -0.211421  -0.657114  -0.722297  0.160149  0.672785   0.000000
128  1  1.000000 -0.094412  5.548013  8.319293  -0.999675  0.014459  -0.020987  -0.213876  0.811593  -0.543667   0.000000
129  1  1.000000 -8.299336  3.635251  4.231545  0.454513  0.880441  0.135065  -0.495451  -0.131691  -0.858595   0.000000
130  1  1.000000 4.835600  -6.915407  5.366015  0.338774  -0.417403  -0.843212  0.816816  0.576851  0.007336   0.000000
131  1  1.000000 -5.426649  6.067717  -5.808122  -0.838997  -0.358653  0.409209  0.677525  -0.092500  -0.729660   0.000000
132  1  1.000000 1.589820  2.903357  9.436259  -0.825639  0.563163  -0.034171  0.794551  -0.604944  0.052264   0.000000
133  1  1.000000 9.288339  -3.339709  1.604090  0.279586  0.915908  0.287999  0.345676  0.625370  -0.699586   0.000000
134  1  1.000000 4.378165  -6.849259  5.824030  -0.318431  0.487664  0.812887  -0.890230  -0.420847  0.174292   0.000000
135  1  1.000000 -6.318860  6.930500  3.469895  0.661427  0.715557  -0.224706  -0.688361  -0.707569  0.159703   0.000000
136  1  1.000000 0.772967  -8.759475  4.761735  0.630072  0.413058  0.657565  -0.516483  0.373342  0.770624   0.000000
137  1  1.000000 8.602335  -0.083116  -5.098325  -0.330777  0.751839  -0.570372  -0.267270  -0.858856  -0.436960   0.000000
138  1  1.000000 6.112474  -6.338311  4.739564  0.480480  0.773053  0.414159  -0.548578  -0.770963  -0.323540   0.000000
139  1  1.000000 -9.100419  -4.067332  -0.799497  -0.359926  0.871028  -0.334309  -0.102846  0.408395  -0.906993   0.000000
140  1  1.000000 -6.318285  4.805227  -6.081864  -0.268927  -0.871807  -0.409426  -0.418747  0.448676  0.789520   0.000000
141  1  1.000000 7.104891  -1.555068  -6.863110  0.677542  0.414642  0.607460  0.504241  0.792795  0.342370   0.000000
142  1  1.000000 -7.239926  6.850823  0.806039  -0.643845  -0.629183  -0.435421  -0.357832  -0.472891  0.805190   0.000000
143  1  1.000000 -6.302840  3.369836  -6.994170  -0.638382  -0.737645  0.219880  -0.025306  0.891491  0.452331   0.000000
144  1  1.000000 -3.686679  -8.385245  -4.011990  -0.073515  0.456550  -0.886655  -0.810350  0.078454  0.580671   0.000000
145  1  1.000000 -5.031700  1.214685  -8.556082  0.546540  0.811654  -0.206183  0.863832  0.099103  -0.493937   0.000000
146  1  1.000000 -7.287419  6.745627  1.179002  0.353135  0.517701  -0.779282  0.314191  0.176386  0.932830   0.000000
147  1  1.000000 -1.080537  -9.778397  1.793151  -0.417614  0.208331  0.884419  -0.273021  0.202624  0.940427   0.000000
148  1  1.000000 7.912661  -3.866202  4.737328  -0.478288  -0.874024  0.085570  -0.580859  -0.717317  0.384785   0.000000
149  1  1.000000 3.662329  2.942329  8.827799  0.493176  -0.865865  0.083995  -0.145702  -0.918857  0.366704   0.000000
150  1  1.000000 -2.583488  5.442916  7.981244  0.178375  -0.785089  0.593141  -0.426608  0.676973  -0.599761   0.000000
151  1  1.000000 6.034159  7.896828  1.108620  -0.636448  0.393165  0.663593  0.294032  -0.349563  0.889579   0.000000
152  1  1.000000 0.187234  4.683269  -8.833569  0.432833  -0.800228  -0.415080  -0.972672  -0.195972  -0.124514   0.000000
153  1  1.000000 -8.251925  5.036948  2.556343  0.486380  0.403500  0.774998  0.554715  0.637289  0.534933   0.000000
154  1  1.000000 -7.546660  6.549952  -0.382158  0.210631  0.297022  0.931350  -0.149022  -0.227840  -0.962227   0.000000
155  1  1.000000 -7.547413  1.624752  -6.355843  -0.618649  -0.498618  0.607168  -0.565130  0.330996  0.755691   0.000000
156  1  1.000000 1.886218  9.515474  2.428567  -0.730884  -0.029150  0.681878  0.879780  -0.273612  0.388746   0.000000
157  1  1.000000 -3.313840  7.859277  -5.220175  0.883653  0.452442  0.120222  0.769879  -0.094590  -0.631141   0.000000
158  1  1.000000 -5.082597  -4.797476  -7.152023  -0.600012  0.793000  -0.105534  -0.039616  -0.816565  0.575893   0.000000
159  1  1.000000 -3.435696  -8.499763  -3.993749  -0.460756  -0.218000  0.860337  -0.934597  0.267733  0.234197   0.000000
160  1  1.000000 5.880475  -7.822838  2.055046  -0.148819  -0.354387  -0.923181  0.780703  0.615391  0.108611   0.000000
161  1  1.000000 0.888036  7.917354  -6.043748  0.957481  0.099358  0.270847  -0.660282  0.501087  0.559410   0.000000
162  1  1.000000 -9.017542  -4.280116  0.603772  0.057516  0.019627  0.998152  0.230818  -0.594909  -0.769939   0.000000
163  1  1.000000 -7.264107  -3.541520  -5.889854  -0.150048  -0.754604  0.638795  -0.673731  0.197744  0.712028   0.000000
164  1  1.000000 -8.373341  1.812784  5.157613  0.034397  0.959023  -0.281232  0.154477  -0.826520  0.541296   0.000000
165  1  1.000000 6.671925  6.319082  -3.943936  0.419341  -0.756232  -0.502261  0.508787  -0.773314  -0.378314   0.000000
166  1  1.000000 -3.848667  6.576650  -6.475758  0.698307  0.666270  0.261634  0.886703  0.458214  -0.061632   0.000000
167  1  1.000000 0.835351  -9.107205  -4.044874  -0.934833  0.068960  -0.348328  -0.155584  0.389009  -0.908001   0.000000
168  1  1.000000 -8.197314  -4.160322  3.936466  0.496910  -0.174815  0.850012  0.247461  0.362570  0.898502   0.000000
169  1  1.000000 1.636045  -7.568391  -6.327939  0.538629  -0.468864  0.700033  -0.906702  -0.368121  0.205862   0.000000
170  1  1.000000 -0.480248  -6.017757  7.972200  0.538060  -0.688027  -0.486939  -0.035026  -0.796635  -0.603444   0.000000
171  1  1.000000 7.540039  1.122905  6.472009  0.651002  0.003661  -0.759067  -0.226219  0.969398  0.095358   0.000000
172  1  1.000000 3.038112  4.240945  8.531369  -0.935555  -0.036474  0.351293  0.945630  -0.243366  -0.215772   0.000000
173  1  1.000000 4.200076  3.422323  8.405181  0.702174  0.464196  -0.539883  -0.165930  0.939517  -0.299626   0.000000
174  1  1.000000 -5.375474  -8.374035  0.989858  -0.462849  0.194895  -0.864747  -0.794966  0.464128  -0.390658   0.000000
175  1  1.000000 -2.391276  5.609562  7.925567  -0.494543  0.632074  -0.596582  0.918228  0.396038  -0.003263   0.000000
176  1  1.000000 7.828884  -6.214665  0.294134  -0.616365  -0.781165  -0.099379  -0.398283  -0.536932  -0.743690   0.000000
177  1  1.000000 7.174814  -4.680746  5.158746  -0.075097  -0.788245  -0.610762  0.644114  0.727777  -0.235495   0.000000
178  1  1.000000 8.596995  0.277493  -5.100458  0.458457  0.398391  0.794419  -0.346839  -0.701332  -0.622765   0.000000
179  1  1.000000 -3.144496  8.517021  -4.191957  -0.249968  0.351719  0.902114  -0.392124  -0.518701  -0.759729   0.000000
180  1  1.000000 -9.583148  2.287617  -1.711746  0.207484  0.969084  0.133514  -0.245533  -0.353021  0.902823   0.000000
181  1  1.000000 -9.552017  -2.958671  0.072389  0.245167  -0.777343  0.579336  -0.265495  0.867440  0.420786   0.000000
182  1  1.000000 -3.635579  9.241240  -1.175605  -0.931441  -0.362711  0.029289  0.931096  0.364501  -0.014147   0.000000
183  1  1.000000 3.686978  7.531920  -5.447604  0.929517  -0.293877  0.222786  -0.268885  0.647411  0.713134   0.000000
184  1  1.000000 -7.633330  -4.864079  4.251237  0.341951  0.254093  0.904713  -0.643742  0.627771  -0.437606   0.000000
185  1  1.000000 9.550723  2.798113  0.976861  -0.285653  0.956933  0.051782  0.042241  -0.454756  0.889614   0.000000
186  1  1.000000 -4.971044  6.581427  -5.654515  -0.512396  0.303252  0.803423  0.579708  0.736800  0.347942   0.000000
187  1  1.000000 -9.525613  -2.977793  0.628853  0.246982  -0.877073  -0.411998  0.104736  -0.514737  -0.850927   0.000000
188  1  1.000000 6.170188  -4.422498  6.509246  -0.736392  -0.616168  0.279399  0.725569  -0.000550  -0.688149   0.000000
189  1  1.000000 -0.225946  -9.691107  -2.455889  -0.428896  0.231294  -0.873242  -0.975467  0.075178  -0.206914   0.000000
190  1  1.000000 2.209276  -6.452731  7.313095  0.972911  0.198162  -0.119066  0.869340  -0.209599  -0.447566   0.000000
191  1  1.000000 7.748254  -5.852898  -2.389172  0.213645  -0.113259  0.970324  -0.197330  -0.582965  0.788170   0.000000
192  1  1.000000 -5.741739  7.826747  -2.403011  0.818095  0.560050  -0.130634  -0.251387  0.110794  0.961524   0.000000
193  1  1.000000 0.279838  5.332022  -8.455249  -0.533667  -0.707255  -0.463670  0.691045  -0.621495  -0.369054   0.000000
194  1  1.000000 -1.401043  -3.203687  -9.368749  -0.096801  0.946107  -0.309050  0.977903  -0.193051  -0.080225   0.000000
195  1  1.000000 1.069513  6.967585  -7.092877  0.714919  0.441882  0.541877  -0.362993  -0.636774  -0.680261   0.000000
196  1  1.000000 6.918357  -1.718818  -7.012989  0.715818  0.290644  0.634925  -0.721847  -0.141305  -0.677473   0.000000
197  1  1.000000 5.268720  -3.692921  7.655255  0.022231  0.906356  0.421929  0.840505  0.360242  -0.404695   0.000000
198  1  1.000000 7.534082  2.035983  6.252389  -0.622983  0.525263  0.579647  -0.432247  -0.563199  0.704251   0.000000
199  1  1.000000 -4.435586  5.061853  -7.396162  -0.356034  -0.856847  -0.372898  0.828693  0.545945  -0.123341   0.000000
200  1  1.000000 4.371118  0.109019  8.993411  -0.827188  -0.387711  0.406743  -0.837826  -0.358700  0.411561   0.000000
201  1  1.000000 7.516187  6.575369  -0.521017  -0.584595  0.627488  -0.514302  -0.358046  0.473062  0.804994   0.000000
202  1  1.000000 1.249295  9.807772  -1.498957  -0.778626  0.003280  -0.627480  -0.987585  0.137426  0.076091   0.000000
203  1  1.000000 0.372024  -5.800868  -8.137047  0.965054  0.232220  -0.121427  -0.853553  0.405003  -0.327749   0.000000
204  1  1.000000 -4.531737  -5.704368  6.850077  -0.759560  -0.155120  -0.631670  0.886607  -0.208664  0.412780   0.000000
205  1  1.000000 9.687990  0.117653  -2.475683  0.227580  -0.437841  0.869771  0.170213  -0.757645  0.630080   0.000000
206  1  1.000000 9.481107  -1.759097  2.648432  0.287432  0.118177  -0.950483  -0.134473  0.532955  0.835390   0.000000
207  1  1.000000 1.227540  -6.342285  -7.633385  -0.179259  -0.770674  0.611496  0.691778  -0.496820  0.524035   0.000000
208  1  1.000000 -1.480463  6.296188  7.626680  0.985750  0.031666  0.165208  0.578752  -0.570174  0.583051   0.000000
209  1  1.000000 -8.536486  -3.606946  3.757439  0.184500  0.465223  0.865753  0.394521  0.023215  0.918594   0.000000
210  1  1.000000 -2.134116  6.722246  -7.089215  -0.528963  0.530568  0.662341  0.601594  -0.481320  -0.637507   0.000000
211  1  1.000000 -9.889017  -1.258592  0.789486  -0.073641  0.876748  0.475279  0.130597  -0.989737  0.058012   0.000000
212  1  1.000000 8.072207  3.040225  -5.059299  0.519940  0.039468  0.853291  -0.405359  -0.337507  -0.849572   0.000000
213  1  1.000000 -4.191255  -2.179475  -8.813811  -0.906879  0.053834  0.417938  0.733922  -0.652821  -0.187575   0.000000
214  1  1.000000 -2.735500  -4.005826  -8.744735  -0.936805  0.317106  0.147787  0.596823  0.642280  -0.480915   0.000000
215  1  1.000000 4.628473  6.585708  -5.933439  -0.344113  -0.483375  -0.804944  -0.522483  -0.338043  -0.782776   0.000000
216  1  1.000000 6.897978  7.218435  -0.558648  -0.353275  0.268230  -0.896242  0.078390  -0.151171  -0.985395   0.000000
217  1  1.000000 -1.163409  -7.188113  6.854014  -0.378373  -0.605973  -0.699736  -0.819929  0.458960  0.342156   0.000000
218  1  1.000000 6.622422  -1.167223  -7.401427  0.574886  -0.554379  0.601806  -0.747217  -0.029461  -0.663926   0.000000
219  1  1.000000 -8.741208  -3.672000  3.179261  -0.375794  0.096598  -0.921655  -0.478989  0.543202  -0.689566   0.000000
220  1  1.000000 -8.840100  -3.524504  -3.070912  0.378825  -0.925019  -0.028857  0.172292  -0.856329  0.486843   0.000000
221  1  1.000000 3.438637  -9.366880  -0.661313  -0.855990  -0.283727  -0.432181  -0.206556  -0.006751  -0.978412   0.000000
222  1  1.000000 9.480381  -2.958441  -1.170475  0.276685  0.585021  0.762362  0.307408  0.946587  0.097329   0.000000
223  1  1.000000 9.048709  2.861633  3.151496  -0.333823  0.017637  0.942471  -0.360979  0.123445  0.924368   0.000000
224  1  1.000000 2.787039  -9.106245  -3.051020  -0.765587  -0.402471  0.501890  -0.087648  -0.340482  0.936157   0.000000
225  1  1.000000 -3.528477  -8.809259  3.153855  -0.930803  0.364839  -0.022309  -0.375006  -0.175670  -0.910226   0.000000
226  1  1.000000 9.387837  -1.755065  2.964501  -0.243494  0.270715  0.931356  0.314597  0.086029  -0.945319   0.000000
227  1  1.000000 6.199468  0.921183  7.792177  -0.719115  0.464005  0.517275  0.673368  -0.572254  -0.468082   0.000000
228  1  1.000000 -5.269944  -3.883707  -7.559399  -0.476113  -0.601880  0.641137  0.849762  -0.226718  -0.475923   0.000000
229  1  1.000000 0.554783  8.451942  -5.315722  -0.472911  -0.446644  -0.759516  -0.962406  -0.096508  -0.253890   0.000000
230  1  1.000000 6.818543  -3.644086  6.342563  -0.499049  0.402202  0.767583  -0.611159  0.192644  0.767706   0.000000
231  1  1.000000 6.093375  7.743495  -1.705599  0.564691  -0.574801  -0.592223  -0.184740  -0.070541  -0.980253   0.000000
232  1  1.000000 -1.355847  9.140773  3.822034  0.295275  0.405516  -0.865084  0.904067  -0.043670  0.425153   0.000000
233  1  1.000000 -4.419647  -4.442058  -7.793256  -0.066121  0.882551  -0.465545  -0.253250  0.895228  -0.366648   0.000000
234  1  1.000000 9.578887  1.637529  2.358690  0.220317  -0.945947  -0.238002  -0.231140  0.927107  0.295037   0.000000
235  1  1.000000 -8.917380  -2.028925  -4.045219  -0.327287  -0.328207  0.886095  0.365005  0.205974  -0.907935   0.000000
236  1  1.000000 -8.628111  3.165974  -3.941105  -0.502758  -0.618877  0.603512  -0.034779  0.740582  0.671065   0.000000
237  1  1.000000 3.055837  -2.234495  -9.255749  0.255320  -0.917245  0.305734  0.299018  -0.900376  0.316088   0.000000
238  1  1.000000 -5.244415  -4.806058  7.028366  -0.824356  0.493172  -0.277881  0.849910  -0.245920  0.466022   0.000000
239  1  1.000000 -0.418436  6.184620  7.846999  0.031262  0.785814  -0.617673  0.857921  -0.380289  0.345473   0.000000
240  1  1.000000 -0.226598  -6.079705  -7.936362  -0.557486  0.666643  -0.494769  0.996682  -0.075812  0.029619   0.000000
241  1  1.000000 4.055324  5.355151  7.407881  0.097219  -0.831091  0.547574  0.572295  -0.780673  0.251054   0.000000
242  1  1.000000 -4.366722  8.861456  1.551235  -0.862044  -0.362850  -0.353866  0.452326  0.365320  -0.813599   0.000000
243  1  1.000000 6.928649  -4.920276  5.271121  -0.365495  -0.869793  -0.331473  0.620025  0.033342  -0.783873   0.000000
244  1  1.000000 5.221142  7.457420  -4.138426  -0.589776  0.666210  0.456431  0.505523  0.120210  0.854398   0.000000
245  1  1.000000 5.151974  4.079125  -7.537765  0.805240  -0.531579  0.262704  0.622230  0.426802  0.656254   0.000000
246  1  1.000000 -8.648210  -5.008509  0.351145  -0.322349  0.607499  0.725972  -0.265276  0.515192  0.814988   0.000000
247  1  1.000000 -0.787356  -9.518217  -2.963715  -0.754607  0.251176  -0.606200  -0.790231  0.240828  -0.563504   0.000000
248  1  1.000000 3.619557  -5.385745  -7.608716  -0.877003  0.079944  -0.473788  -0.135420  0.777178  -0.614537   0.000000
249  1  1.000000 -2.510886  8.387350  4.831958  -0.283753  0.413479  -0.865170  -0.234317  -0.537008  0.810381   0.000000
250  1  1.000000 7.765004  1.393041  -6.145254  -0.413097  0.848977  -0.329529  -0.485225  0.754383  -0.442112   0.000000
251  1  1.000000 -5.046800  8.501438  1.501782  0.302185  0.011008  0.953186  -0.816355  -0.413370  -0.403348   0.000000
252  1  1.000000 -7.798098  -4.441562  4.411597  0.040514  0.667426  0.743574  0.458945  -0.884887  -0.079651   0.000000
253  1  1.000000 -6.965457  2.542230  -6.709655  0.075326  -0.904051  -0.420735  0.148289  -0.863933  -0.481279   0.000000
254  1  1.000000 2.704282  -4.488574  -8.517016  0.691581  -0.524878  0.496205  0.128941  0.893580  -0.429987   0.000000
255  1  1.000000 2.981547  8.769846  -3.768313  0.142290  0.349540  0.926054  0.810067  -0.441295  -0.386071   0.000000
256  1  1.000000 6.377183  -7.273957  -2.533986  -0.534087  -0.180517  -0.825932  0.722429  0.450688  0.524382   0.000000
257  1  1.000000 -8.133568  -5.708716  1.120549  -0.269864  0.199592  -0.941985  -0.571867  0.819927  0.026247   0.000000
258  1  1.000000 0.506879  -2.124590  -9.758545  -0.745812  -0.657909  0.104498  0.158088  0.966498  -0.202211   0.000000
259  1  1.000000 0.331749  -8.371668  -5.459407  0.824710  -0.285638  0.488123  -0.630629  0.406241  -0.661268   0.000000
260  1  1.000000 -4.618042  -5.637774  -6.847568  0.878291  -0.182850  -0.441781  0.837320  -0.531793  -0.126855   0.000000
261  1  1.000000 -6.911990  -6.799916  2.446536  0.547437  -0.713686  -0.436995  0.610443  -0.368191  0.701280   0.000000
262  1  1.000000 -1.328396  -4.286655  -8.936439  -0.755167  0.627738  -0.188860  -0.189794  0.895951  -0.401559   0.000000
263  1  1.000000 7.896983  0.039470  -6.134827  -0.310603  -0.859777  -0.405351  0.612388  0.054981  0.788643   0.000000
264  1  1.000000 7.158795  -6.828491  1.457176  -0.151620  -0.355748  -0.922201  -0.574228  -0.694510  -0.433495   0.000000
265  1  1.000000 5.780452  -0.735231  8.126857  0.796268  -0.166892  -0.581467  0.527766  -0.725899  -0.441060   0.000000
266  1  1.000000 -6.697802  -4.060064  6.217341  0.045579  -0.858185  -0.511313  0.741292  -0.316683  0.591776   0.000000
267  1  1.000000 1.154085  -3.978607  -9.101581  -0.244792  -0.899413  0.362124  -0.644675  -0.727088  0.236089   0.000000
268  1  1.000000 3.736767  8.266133  -4.208041  0.075650  0.424997  0.902028  -0.766171  0.530783  0.362288   0.000000
269  1  1.000000 8.562384  4.784951  1.946748  -0.461775  0.877892  -0.126762  -0.362679  0.288466  0.886144   0.000000
270  1  1.000000 5.779027  7.420654  3.396577  0.814889  -0.547407  -0.190529  0.121323  0.333452  -0.934928   0.000000
271  1  1.000000 -3.748993  2.732683  8.858752  0.717109  0.691086  0.090297  -0.736120  -0.668614  -0.105274   0.000000
272  1  1.000000 -0.150043  -9.839119  -1.780229  0.660227  -0.143459  0.737238  -0.878091  0.098126  -0.468324   0.000000
273  1  1.000000 5.820960  -6.831343  -4.410121  -0.760808  -0.266182  -0.591877  0.314813  0.689411  -0.652384   0.000000
274  1  1.000000 4.746858  -6.875984  5.494378  -0.445093  0.351017  0.823820  -0.852998  -0.205522  0.479744   0.000000
275  1  1.000000 -8.686689  4.279778  2.494983  0.110704  0.658603  -0.744302  -0.494623  -0.777361  -0.388662   0.000000
276  1  1.000000 -1.009596  -3.666779  -9.248538  0.994390  -0.066685  -0.082112  0.137385  0.915559  -0.377990   0.000000
277  1  1.000000 3.032752  -9.423530  -1.414037  -0.933358  -0.263865  -0.243348  0.662104  0.315112  -0.679943   0.000000
278  1  1.000000 -2.423110  2.087401  9.474771  -0.825577  0.468606  -0.314375  0.215189  -0.940693  0.262279   0.000000
279  1  1.000000 -7.296493  -5.456964  -4.121012  -0.681301  0.631818  0.369642  -0.547733  0.827180  -0.125542   0.000000
280  1  1.000000 -9.646332  -0.086260  -2.634546  0.194661  0.650601  -0.734047  -0.069120  0.972769  0.221229   0.000000
281  1  1.000000 -5.655578  -3.757905  7.341157  0.175666  0.814832  0.552441  -0.039296  -0.876861  -0.479135   0.000000
282  1  1.000000 1.803158  7.651503  6.180868  -0.218062  0.643847  -0.733424  0.396931  0.518344  -0.757473   0.000000
283  1  1.000000 -9.985648  -0.526986  -0.095453  0.026504  -0.331394  -0.943120  -0.051876  0.996047  -0.072109   0.000000
284  1  1.000000 -6.498489  -4.413800  6.187731  -0.483560  0.868188  0.111446  0.635939  -0.761613  0.124608   0.000000
285  1  1.000000 0.736612  -5.813900  -8.102837  0.437429  0.748999  -0.497651  0.083917  0.813223  -0.575870   0.000000
286  1  1.000000 2.015325  -9.662492  1.604593  -0.536794  0.028073  0.843246  0.971484  0.176294  -0.158555   0.000000
287  1  1.000000 2.668168  9.043984  3.329749  -0.960551  0.221441  0.168243  0.412539  0.205067  -0.887558   0.000000
288  1  1.000000 3.799864  7.704471  5.118805  -0.813605  0.015112  0.581222  -0.487855  0.637090  -0.596752   0.000000
289  1  1.000000 0.732235  0.056245  -9.972997  -0.944187  0.322419  -0.067505  0.856500  -0.512648  0.059995   0.000000
290  1  1.000000 7.041803  -6.817073  -1.985075  0.684807  0.578245  0.443478  -0.316739  -0.051387  -0.947120   0.000000
291  1  1.000000 6.558065  -1.730550  7.348264  -0.665682  -0.591660  0.454759  -0.479834  0.655908  0.582704   0.000000
292  1  1.000000 -4.693322  8.586592  2.059895  -0.746453  -0.261174  -0.612043  -0.852185  -0.501555  0.149071   0.000000
293  1  1.000000 2.190284  3.138481  9.238647  0.045428  -0.949109  0.311654  0.773191  0.521715  -0.360540   0.000000
294  1  1.000000 -0.357635  5.410532  8.402276  0.907097  0.370417  -0.199915  -0.049897  0.838750  -0.542226   0.000000
295  1  1.000000 -8.055317  -5.597264  1.944865  -0.589982  0.727066  -0.351136  0.495252  -0.816167  -0.297651   0.000000
296  1  1.000000 9.925311  1.202267  -0.206766  -0.055151  0.291037  -0.955121  0.036137  -0.451642  -0.891467   0.000000
297  1  1.000000 7.521210  5.911771  2.912450  0.179194  -0.608735  0.772872  -0.124306  0.561261  -0.818250   0.000000
298  1  1.000000 9.120562  -0.929650  3.993882  -0.178968  0.786066  0.591668  -0.276623  0.579495  0.766593   0.000000
299  1  1.000000 -7.061607  6.028230  3.714048  0.226030  0.689024  -0.688590  0.105174  -0.429422  0.896959   0.000000
300  1  1.000000 7.466456  -2.419664  -6.196553  -0.273257  -0.960843  0.045938  -0.468891  0.469325  -0.748248   0.000000
301  1  1.000000 -8.510040  4.405738  2.858093  0.523445  0.755547  0.393896  -0.007457  0.534041  -0.845426   0.000000
302  1  1.000000 -4.066568  6.294341  6.621502  -0.478045  0.471034  -0.741350  0.881129  0.078763  0.466271   0.000000
303  1  1.000000 2.709240  6.050867  -7.486456  -0.226415  -0.715855  -0.660521  -0.289579  0.792938  0.536091   0.000000
304  1  1.000000 -9.855251  -1.693897  0.068885  -0.079102  0.423525  -0.902424  0.053379  -0.348616  -0.935744   0.000000
305  1  1.000000 -2.794846  -0.919738  -9.557349  -0.150297  0.987321  -0.051062  -0.899832  0.372337  0.227306   0.000000
306  1  1.000000 -3.428998  -0.263721  -9.390017  -0.107265  0.994167  0.011249  -0.896712  -0.288627  0.335563   0.000000
307  1  1.000000 -6.875832  -7.146859  -1.282705  -0.694481  0.698861  -0.171143  0.216594  -0.033264  -0.975695   0.000000
308  1  1.000000 3.119785  3.612423  8.787340  -0.109318  -0.905105  0.410895  -0.346479  0.904460  -0.248807   0.000000
309  1  1.000000 -2.432851  -3.810116  8.919879  0.264424  -0.910839  -0.316943  0.589144  -0.788592  -0.176160   0.000000
310  1  1.000000 -1.991614  -1.790141  -9.634774  -0.843236  0.532227  0.075418  -0.943163  0.301929  0.138864   0.000000
311  1  1.000000 -0.865931  9.512425  -2.960396  -0.451134  0.227501  0.862972  0.936476  -0.023655  -0.349933   0.000000
312  1  1.000000 2.801893  -8.194163  5.000508  -0.681966  -0.536521  -0.497058  0.831115  0.467740  0.300778   0.000000
313  1  1.000000 -9.252978  3.169673  -2.082202  -0.353732  -0.919303  0.172501  0.369549  0.876928  -0.307297   0.000000
314  1  1.000000 3.243019  -7.919807  -5.172957  0.513090  0.606690  -0.607179  -0.891680  -0.073371  -0.446680   0.000000
315  1  1.000000 4.426096  8.321544  3.340894  -0.065809  -0.341422  0.937604  0.016946  -0.380266  0.924722   0.000000
316  1  1.000000 7.638571  -4.131640  4.958001  -0.003313  -0.770724  -0.637161  0.227995  -0.545939  -0.806207   0.000000
317  1  1.000000 9.045030  0.473196  -4.238340  0.286782  0.668076  0.686608  -0.426230  0.067124  -0.902121   0.000000
318  1  1.000000 7.030772  -0.582422  7.087244  0.461423  -0.720975  -0.516995  0.463744  -0.718001  -0.519053   0.000000
319  1  1.000000 1.946640  0.509929  -9.795436  -0.882397  0.445215  -0.152181  0.837113  0.511851  0.193005   0.000000
320  1  1.000000 -2.900227  5.187427  8.042344  -0.734505  0.418063  -0.534534  0.735989  0.658047  -0.159038   0.000000
321  1  1.000000 -7.111444  6.999077  -0.663536  0.065793  0.160220  0.984886  0.096731  0.190891  0.976833   0.000000
322  1  1.000000 2.813250  6.051306  7.447638  0.835850  -0.535773  0.119591  0.342040  0.661901  -0.667005   0.000000
323  1  1.000000 8.688960  1.936291  4.555518  -0.185226  0.980641  -0.063524  0.001919  -0.921628  0.388070   0.000000
324  1  1.000000 -0.138946  9.641227  2.650932  0.237241  -0.254370  0.937557  -0.143259  0.260464  -0.954796   0.000000
325  1  1.000000 -1.774349  -3.326865  9.261947  -0.655652  0.741809  0.140850  0.894734  -0.446464  0.011039   0.000000
326  1  1.000000 -1.340046  9.673994  2.148980  -0.628528  0.084686  -0.773163  0.206746  -0.184790  0.960785   0.000000
327  1  1.000000 -8.947008  -2.069317  3.958405  -0.365395  0.848781  -0.382174  0.446466  -0.440831  0.778676   0.000000
328  1  1.000000 6.314119  4.543572  -6.283936  -0.043538  -0.788312  -0.613733  0.580702  0.259999  0.771483   0.000000
329  1  1.000000 -1.780457  6.460893  7.422050  -0.983888  -0.129365  -0.123410  0.915044  -0.168716  0.366375   0.000000
330  1  1.000000 7.159939  3.722589  -5.905727  0.500292  -0.863622  0.062168  -0.683394  0.200991  -0.701837   0.000000
331  1  1.000000 8.895763  -3.749216  2.609363  -0.099245  0.398960  0.911582  0.355411  0.926948  0.120210   0.000000
332  1  1.000000 3.827843  4.177504  -8.239908  0.242449  0.815234  0.525940  -0.109939  -0.864985  -0.489606   0.000000
333  1  1.000000 9.458611  0.216774  -3.238470  -0.029319  -0.987982  -0.151766  -0.314838  -0.181246  -0.931680   0.000000
334  1  1.000000 2.574940  2.712372  -9.274305  0.404032  -0.902087  -0.151649  0.110423  -0.961767  -0.250621   0.000000
335  1  1.000000 2.337619  6.315922  7.392203  0.910884  -0.408174  0.060698  0.637707  -0.673508  0.373787   0.000000
336  1  1.000000 6.727673  -4.836186  5.599082  -0.076907  -0.798395  -0.597202  -0.273201  0.540907  0.795475   0.000000
337  1  1.000000 -7.934747  5.961469  1.225017  -0.216072  -0.087771  -0.972424  -0.514488  -0.549516  -0.658281   0.000000
338  1  1.000000 6.619065  7.373510  -1.348825  -0.371368  0.478882  0.795461  -0.673681  0.506267  -0.538374   0.000000
339  1  1.000000 -4.300025  -7.813971  4.522349  0.902821  -0.370275  0.218655  -0.694833  -0.033406  -0.718395   0.000000
340  1  1.000000 -5.295745  7.340926  4.250400  -0.627959  -0.002407  -0.778243  0.844010  0.405884  0.350578   0.000000
341  1  1.000000 -0.541165  -9.673330  2.476655  -0.761085  0.200518  0.616881  -0.092010  -0.242143  -0.965868   0.000000
342  1  1.000000 0.025164  -9.507968  3.098051  -0.117278  0.307388  0.944330  0.911277  0.129755  0.390817   0.000000
343  1  1.000000 3.673062  -4.994675  7.846135  0.251438  0.865492  0.433246  -0.835389  0.193717  0.514392   0.000000
344  1  1.000000 -3.811911  -9.214303  -0.752301  -0.923140  0.374963  0.084944  -0.190819  -0.001204  0.981625   0.000000
345  1  1.000000 -7.894880  -3.043895  5.329688  -0.208102  -0.684168  -0.699005  0.470133  -0.858146  0.206304   0.000000
346  1  1.000000 -6.253191  -5.146512  -5.866091  0.435666  0.393421  -0.809577  0.673254  -0.735892  -0.072059   0.000000
347  1  1.000000 7.149253  0.694735  -6.957408  -0.228935  -0.916943  -0.326809  0.698700  -0.108652  0.707116   0.000000
348  1  1.000000 -3.880341  6.000016  6.995910  -0.835462  -0.549492  0.007874  0.600575  0.740391  -0.301879   0.000000
349  1  1.000000 -4.261242  -1.080458  8.981894  0.785381  0.448574  0.426565  0.679097  0.617754  0.396493   0.000000
350  1  1.000000 -4.227669  1.117577  8.993211  0.517908  0.844139  0.138566  -0.037070  -0.993669  0.106056   0.000000
351  1  1.000000 -8.469037  -1.882717  -4.973006  -0.440364  0.772529  0.457470  0.462517  0.200613  -0.863616   0.000000
352  1  1.000000 -5.916878  4.862329  6.430265  -0.101789  -0.836310  0.538724  -0.595318  -0.801381  0.058186   0.000000
353  1  1.000000 -9.205482  -3.899452  0.231024  -0.193084  0.402810  -0.894686  -0.089168  0.267345  0.959466   0.000000
354  1  1.000000 -7.916351  -5.421120  -2.818305  -0.420284  0.817953  -0.392828  -0.391293  0.095561  0.915291   0.000000
355  1  1.000000 -5.505984  -8.331873  -0.513842  0.135103  -0.028199  -0.990430  0.719841  -0.442724  -0.534626   0.000000
356  1  1.000000 -3.390044  1.438606  -9.297205  -0.061688  -0.989512  -0.130619  0.774970  -0.517585  -0.362666   0.000000
357  1  1.000000 -4.135240  -8.158483  -4.042147  0.904063  -0.315252  -0.288594  0.638535  0.056613  -0.767507   0.000000
358  1  1.000000 6.102471  2.827176  -7.400468  -0.241814  -0.823097  -0.513846  0.459529  -0.887263  0.039972   0.000000
359  1  1.000000 1.019882  -6.722802  -7.332378  -0.763020  -0.525795  0.375953  0.583709  0.637297  -0.503126   0.000000
360  1  1.000000 1.572693  8.762572  -4.554555  0.868871  0.096435  0.485555  0.935238  0.015967  0.353659   0.000000
361  1  1.000000 3.901501  -4.895554  -7.798194  0.356994  -0.700260  0.618216  -0.711411  0.377396  -0.592847   0.000000
362  1  1.000000 8.170685  -5.457274  1.859588  -0.131195  -0.490071  -0.861753  -0.182142  0.061689  0.981335   0.000000
363  1  1.000000 -8.021605  0.614702  -5.939360  -0.121107  -0.990762  0.061025  -0.162376  -0.979659  0.117911   0.000000
364  1  1.000000 3.843721  5.064844  -7.718366  0.717335  0.362416  0.595050  0.920214  -0.143260  0.364256   0.000000
365  1  1.000000 1.766898  -6.766241  7.148150  0.517758  0.681536  0.517142  -0.982596  -0.163556  0.088062   0.000000
366  1  1.000000 -0.587850  8.476430  5.273003  0.977927  -0.057196  0.200966  -0.059965  -0.530258  0.845713   0.000000
367  1  1.000000 0.669021  -8.013069  -5.945009  0.997181  0.033410  0.067185  -0.276186  -0.587427  0.760691   0.000000
368  1  1.000000 -6.296176  -3.994746  6.663345  0.038675  -0.872731  -0.486668  0.774902  -0.384464  0.501712   0.000000
369  1  1.000000 -7.464302  6.634614  0.515850  -0.665196  -0.741688  -0.086100  0.613775  0.716334  -0.331882   0.000000
370  1  1.000000 7.348854  5.206694  4.345651  -0.326723  -0.289706  0.899624  0.081764  0.568077  -0.818904   0.000000
371  1  1.000000 -9.574449  1.879483  2.190313  -0.141272  0.356585  -0.923520  -0.256129  -0.203512  -0.944977   0.000000
372  1  1.000000 1.208413  9.221063  3.675831  -0.757446  -0.153691  0.634551  -0.983811  0.160615  -0.079490   0.000000
373  1  1.000000 -8.682072  2.806375  4.092173  -0.495080  -0.434506  -0.752396  0.496119  0.505971  0.705591   0.000000
374  1  1.000000 -4.839286  -7.686146  4.183834  -0.639563  0.636958  0.430400  -0.765075  0.139506  -0.628648   0.000000
375  1  1.000000 -7.177519  2.112187  6.634899  -0.696037  -0.191488  -0.692001  0.692525  0.315617  0.648687   0.000000
376  1  1.000000 2.123150  9.747342  0.693946  -0.519040  0.052318  0.853147  0.624785  -0.190006  0.757325   0.000000
377  1  1.000000 5.923870  -2.262158  -7.732426  0.042388  0.967193  -0.250483  -0.804191  -0.223837  -0.550612   0.000000
378  1  1.000000 -8.701382  0.890169  -4.847014  -0.247887  -0.929124  0.274372  -0.394595  -0.715051  0.577058   0.000000
379  1  1.000000 3.196130  0.691954  -9.450183  -0.418050  0.905314  -0.075100  -0.944979  0.096669  -0.312521   0.000000
380  1  1.000000 -3.694720  -6.830499  -6.300264  -0.020553  0.683842  -0.729341  0.732842  0.202684  -0.649509   0.000000
381  1  1.000000 1.633122  -8.445400  -5.099816  -0.632201  -0.486428  0.603084  0.292796  -0.452142  0.842519   0.000000
382  1  1.000000 1.347543  -0.434843  -9.899244  -0.920895  -0.374286  -0.108916  -0.037455  0.998099  -0.048942   0.000000
383  1  1.000000 -2.369343  4.503351  -8.608487  0.894660  0.446570  -0.012627  0.695424  0.697364  0.173407   0.000000
384  1  1.000000 1.634270  -9.470420  2.764110  -0.030883  -0.284952  -0.958044  -0.126262  -0.297952  -0.946194   0.000000
385  1  1.000000 -4.006447  -1.610065  -9.019760  0.235576  -0.969445  0.068411  -0.810270  -0.397300  0.430830   0.000000
386  1  1.000000 -9.934273  -1.133655  -0.158265  -0.061287  0.643571  -0.762929  0.033927  -0.423672  0.905180   0.000000
387  1  1.000000 -6.688614  -6.698920  -3.222873  0.542753  -0.143810  -0.827489  0.653396  -0.736535  0.174898   0.000000
388  1  1.000000 -5.229053  -8.234446  2.202479  0.469317  -0.493825  -0.732037  0.852380  -0.503825  0.140033   0.000000
389  1  1.000000 0.502088  -0.760011  9.958428  -0.984228  -0.173118  0.036411  -0.883108  0.462332  0.079809   0.000000
390  1  1.000000 -6.178516  2.969472  -7.280671  0.556400  0.819378  -0.137983  0.230040  0.953698  0.193756   0.000000
391  1  1.000000 2.084595  -5.426380  -8.136883  0.826216  -0.347497  0.443410  0.052465  0.836972  -0.544725   0.000000
392  1  1.000000 9.679281  1.284190  -2.159254  0.037033  0.777159  0.628214  0.027775  -0.908914  -0.416059   0.000000
393  1  1.000000 -4.033298  3.027255  -8.635290  -0.848579  0.229378  0.476760  0.284835  0.938342  0.195914   0.000000
394  1  1.000000 -1.265470  -1.899926  -9.735957  0.270099  0.937802  -0.218115  0.744685  -0.666586  0.033288   0.000000
395  1  1.000000 -0.500357  9.779818  2.026032  0.514631  0.199100  -0.833975  0.551869  -0.142003  0.821752   0.000000
396  1  1.000000 9.724697  -0.791712  2.191681  -0.211828  0.091628  0.973002  0.092645  -0.731639  -0.675368   0.000000
397  1  1.000000 -9.085055  -4.089261  0.860067  0.322340  -0.816780  -0.478506  0.091578  -0.395655  -0.913822   0.000000
398  1  1.000000 -6.431521  -7.611448  -0.837496  -0.553415  0.537622  -0.636156  -0.352830  0.197499  0.914606   0.000000
399  1  1.000000 0.729674  -2.645728  9.616013  -0.679049  -0.719348  -0.146393  0.543872  -0.797636  -0.260729   0.000000
